0.351291 1.00824e-13
0.393273 2.36821e-12
0.437625 1.54581e-11
0.484346 6.11839e-11
0.533435 1.83256e-10
0.584894 4.73815e-10
0.638722 1.10923e-09
0.694919 2.49233e-09
0.753486 5.6706e-09
0.814421 1.41014e-08
0.877725 3.81826e-08
0.943399 8.72139e-08
1.01144 1.65744e-07
1.08185 2.99426e-07
1.15463 5.19569e-07
1.22978 8.99322e-07
1.3073 1.56142e-06
1.38719 2.66444e-06
1.46945 4.2669e-06
1.55407 5.18792e-06
1.64107 4.64637e-06
1.73043 3.71442e-06
1.82217 3.07976e-06
1.91627 2.6639e-06
2.01274 2.34022e-06
2.11158 2.11259e-06
2.21279 1.959e-06
2.31637 1.77934e-06
2.42232 1.6661e-06
2.53063 1.54696e-06
2.64132 1.45298e-06
2.75437 1.34477e-06
2.8698 1.25538e-06
2.98759 1.17737e-06
3.10775 1.09477e-06
3.23029 1.02223e-06
3.35519 9.49113e-07
3.48246 8.82227e-07
3.6121 8.25084e-07
3.7441 7.63865e-07
3.87848 7.07371e-07
4.01523 6.582e-07
4.15434 6.09862e-07
4.29582 5.67533e-07
4.43968 5.24898e-07
4.5859 4.88692e-07
4.73449 4.55513e-07
4.88545 4.27012e-07
5.03878 3.93754e-07
5.19448 3.69794e-07
5.35255 3.43888e-07
5.51299 3.2138e-07
5.67579 2.99531e-07
5.84097 2.80435e-07
6.00851 2.62462e-07
6.17842 2.45623e-07
6.35071 2.29616e-07
6.52536 2.16407e-07
6.70238 2.02959e-07
6.88177 1.91436e-07
7.06353 1.79688e-07
7.24765 1.67052e-07
7.43415 1.59061e-07
7.62302 1.50166e-07
7.81425 1.39979e-07
8.00786 1.33468e-07
8.20383 1.25657e-07
8.40217 1.20041e-07
8.60288 1.13422e-07
8.80596 1.06297e-07
9.01141 1.00894e-07
9.21923 9.66243e-08
9.42942 9.1194e-08
9.64198 8.72004e-08
9.8569 8.29723e-08
10.0742 7.8587e-08
10.2939 7.38598e-08
10.5159 7.11547e-08
10.7403 6.84483e-08
10.9671 6.47581e-08
11.1962 6.22206e-08
11.4277 5.90432e-08
11.6616 5.67306e-08
11.8978 5.35382e-08
12.1365 5.12386e-08
12.3774 4.99299e-08
12.6208 4.68832e-08
12.8665 4.5016e-08
13.1146 4.36098e-08
13.3651 4.2008e-08
13.6179 4.00848e-08
13.8731 3.80151e-08
14.1307 3.64323e-08
14.3906 3.52292e-08
14.6529 3.40965e-08
14.9176 3.2463e-08
15.1846 3.13836e-08
15.4541 3.0295e-08
15.7258 2.88818e-08
16 2.81869e-08
