0.316318 1.55902e-22
0.320994 7.20601e-21
0.325704 6.90046e-20
0.330449 3.47707e-19
0.335228 1.22687e-18
0.340041 3.46827e-18
0.344888 8.28563e-18
0.34977 1.7743e-17
0.354686 3.52078e-17
0.359637 6.48773e-17
0.364621 1.14374e-16
0.36964 1.8902e-16
0.374694 3.00636e-16
0.379781 4.74533e-16
0.384903 7.14132e-16
0.39006 1.05275e-15
0.39525 1.52588e-15
0.400475 2.15869e-15
0.405734 3.04576e-15
0.411028 4.15548e-15
0.416355 5.68129e-15
0.421718 7.57561e-15
0.427114 1.00559e-14
0.432545 1.3172e-14
0.43801 1.71739e-14
0.443509 2.22821e-14
0.449043 2.83632e-14
0.454611 3.6129e-14
0.460213 4.55588e-14
0.465849 5.73013e-14
0.47152 7.20351e-14
0.477225 8.88108e-14
0.482965 1.10483e-13
0.488739 1.35121e-13
0.494547 1.67604e-13
0.500389 2.0268e-13
0.506266 2.47315e-13
0.512177 3.00506e-13
0.518122 3.64484e-13
0.524102 4.3949e-13
0.530116 5.25481e-13
0.536164 6.36739e-13
0.542247 7.60339e-13
0.548363 8.99858e-13
0.554515 1.07675e-12
0.5607 1.28177e-12
0.56692 1.50438e-12
0.573174 1.79049e-12
0.579462 2.11822e-12
0.585785 2.51805e-12
0.592142 2.96264e-12
0.598533 3.50766e-12
0.604959 4.1215e-12
0.611419 4.82925e-12
0.617913 5.7216e-12
0.624442 6.70762e-12
0.631005 7.90821e-12
0.637602 9.34516e-12
0.644233 1.08714e-11
0.650899 1.27061e-11
0.657599 1.50258e-11
0.664334 1.76264e-11
0.671102 2.06509e-11
0.677905 2.41031e-11
0.684743 2.85886e-11
0.691614 3.34179e-11
0.69852 3.94544e-11
0.70546 4.59426e-11
0.712435 5.42743e-11
0.719444 6.37998e-11
0.726487 7.58649e-11
0.733565 8.87894e-11
0.740676 1.05311e-10
0.747822 1.24037e-10
0.755003 1.45683e-10
0.762218 1.74676e-10
0.769467 2.08882e-10
0.77675 2.46537e-10
0.784068 2.94603e-10
0.791419 3.50678e-10
0.798806 4.22097e-10
0.806226 5.06084e-10
0.813681 5.96636e-10
0.82117 7.10173e-10
0.828694 8.47885e-10
0.836252 1.02239e-09
0.843844 1.21028e-09
0.85147 1.42195e-09
0.859131 1.64946e-09
0.866826 1.9474e-09
0.874555 2.27915e-09
0.882319 2.62478e-09
0.890117 3.01772e-09
0.897949 3.39867e-09
0.905815 3.81606e-09
0.913716 4.30242e-09
0.921652 4.84147e-09
0.929621 5.30324e-09
0.937625 5.9275e-09
0.945663 6.4345e-09
0.953735 7.05557e-09
0.961842 7.66941e-09
0.969983 8.38376e-09
0.978158 9.14579e-09
0.986368 9.99787e-09
0.994612 1.06361e-08
1.00289 1.12635e-08
1.0112 1.22188e-08
1.01955 1.31584e-08
1.02793 1.42022e-08
1.03635 1.52103e-08
1.0448 1.61952e-08
1.05328 1.7387e-08
1.0618 1.84467e-08
1.07035 1.95773e-08
1.07894 2.09796e-08
1.08756 2.25657e-08
1.09622 2.37019e-08
1.10491 2.56507e-08
1.11363 2.72742e-08
1.12239 2.89448e-08
1.13118 3.08528e-08
1.14001 3.30859e-08
1.14887 3.55597e-08
1.15777 3.73773e-08
1.1667 4.01065e-08
1.17566 4.26728e-08
1.18466 4.54157e-08
1.19369 4.88473e-08
1.20276 5.17047e-08
1.21186 5.58445e-08
1.221 5.89183e-08
1.23017 6.34885e-08
1.23937 6.76938e-08
1.24861 7.34115e-08
1.25788 7.71633e-08
1.26719 8.38355e-08
1.27653 8.94818e-08
1.28591 9.66239e-08
1.29532 1.03559e-07
1.30476 1.11266e-07
1.31424 1.19097e-07
1.32376 1.28714e-07
1.3333 1.38967e-07
1.34289 1.48771e-07
1.3525 1.6014e-07
1.36215 1.73244e-07
1.37184 1.85083e-07
1.38156 1.99695e-07
1.39131 2.14142e-07
1.4011 2.29238e-07
1.41092 2.47398e-07
1.42078 2.64376e-07
1.43067 2.80841e-07
1.44059 3.018e-07
1.45055 3.21089e-07
1.46054 3.3768e-07
1.47057 3.54669e-07
1.48064 3.7451e-07
1.49073 3.89325e-07
1.50086 4.05411e-07
1.51103 4.10524e-07
1.52123 4.25769e-07
1.53146 4.30265e-07
1.54173 4.33491e-07
1.55203 4.35623e-07
1.56237 4.32263e-07
1.57274 4.2592e-07
1.58314 4.21081e-07
1.59358 4.11849e-07
1.60406 3.97631e-07
1.61457 3.88834e-07
1.62511 3.77598e-07
1.63569 3.58676e-07
1.6463 3.47119e-07
1.65694 3.34111e-07
1.66762 3.18027e-07
1.67834 3.03766e-07
1.68908 2.90405e-07
1.69987 2.74988e-07
1.71068 2.62615e-07
1.72154 2.51953e-07
1.73242 2.38726e-07
1.74334 2.26659e-07
1.7543 2.19172e-07
1.76528 2.0774e-07
1.77631 1.98066e-07
1.78736 1.9005e-07
1.79846 1.8215e-07
1.80958 1.72918e-07
1.82074 1.66662e-07
1.83194 1.59237e-07
1.84316 1.52261e-07
1.85443 1.45339e-07
1.86572 1.40918e-07
1.87706 1.34385e-07
1.88842 1.29699e-07
1.89982 1.26025e-07
1.91126 1.19453e-07
1.92273 1.15408e-07
1.93423 1.12316e-07
1.94577 1.08444e-07
1.95734 1.04707e-07
1.96894 1.01217e-07
1.98059 9.82409e-08
1.99226 9.41226e-08
2.00397 9.10686e-08
2.01571 8.85282e-08
2.02749 8.57163e-08
2.0393 8.30645e-08
2.05115 8.03796e-08
2.06303 7.79632e-08
2.07494 7.61075e-08
2.08689 7.43278e-08
2.09888 7.20823e-08
2.11089 7.0443e-08
2.12295 6.83437e-08
2.13503 6.61812e-08
2.14715 6.47107e-08
2.15931 6.28114e-08
2.1715 6.17214e-08
2.18372 5.93983e-08
2.19598 5.85012e-08
2.20827 5.75609e-08
2.2206 5.55808e-08
2.23296 5.43541e-08
2.24535 5.3554e-08
2.25778 5.25696e-08
2.27025 5.04372e-08
2.28275 4.95728e-08
2.29528 4.88624e-08
2.30784 4.80103e-08
2.32045 4.66778e-08
2.33308 4.56611e-08
2.34575 4.45955e-08
2.35845 4.40651e-08
2.37119 4.30639e-08
2.38396 4.18661e-08
2.39677 4.1321e-08
2.40961 4.05763e-08
2.42249 3.93026e-08
2.4354 3.88387e-08
2.44834 3.82136e-08
2.46132 3.76893e-08
2.47433 3.70458e-08
2.48738 3.62978e-08
2.50046 3.57843e-08
2.51358 3.5239e-08
2.52673 3.43229e-08
2.53991 3.38276e-08
2.55313 3.3331e-08
2.56638 3.24409e-08
2.57967 3.21043e-08
2.59299 3.16819e-08
2.60635 3.09576e-08
2.61974 3.05558e-08
2.63316 3.02224e-08
2.64662 2.96171e-08
2.66011 2.92496e-08
2.67364 2.87131e-08
2.6872 2.82202e-08
2.7008 2.77534e-08
2.71443 2.71266e-08
2.72809 2.67686e-08
2.74179 2.65113e-08
2.75553 2.59832e-08
2.76929 2.58102e-08
2.78309 2.54893e-08
2.79693 2.50062e-08
2.8108 2.46846e-08
2.82471 2.45828e-08
2.83864 2.43264e-08
2.85262 2.38493e-08
2.86663 2.32941e-08
2.88067 2.30464e-08
2.89474 2.26512e-08
2.90885 2.25843e-08
2.923 2.23113e-08
2.93718 2.18705e-08
2.95139 2.15785e-08
2.96564 2.12258e-08
2.97992 2.09591e-08
2.99424 2.07091e-08
3.00859 2.06696e-08
3.02297 2.04167e-08
3.03739 2.00932e-08
3.05185 1.98275e-08
3.06633 1.94158e-08
3.08086 1.92084e-08
3.09541 1.89516e-08
3.11 1.87288e-08
3.12463 1.86028e-08
3.13929 1.82622e-08
3.15398 1.81061e-08
3.16871 1.79035e-08
3.18347 1.78797e-08
3.19827 1.764e-08
3.2131 1.73325e-08
3.22797 1.69548e-08
3.24287 1.68779e-08
3.2578 1.66823e-08
3.27277 1.64412e-08
3.28777 1.63426e-08
3.30281 1.6105e-08
3.31788 1.60082e-08
3.33298 1.5671e-08
3.34812 1.55387e-08
3.3633 1.54878e-08
3.37851 1.527e-08
3.39375 1.5253e-08
3.40903 1.48293e-08
3.42434 1.47955e-08
3.43968 1.47093e-08
3.45506 1.43034e-08
3.47048 1.43651e-08
3.48593 1.41746e-08
3.50141 1.40428e-08
3.51693 1.39462e-08
3.53248 1.37621e-08
3.54806 1.37245e-08
3.56368 1.35846e-08
3.57934 1.32877e-08
3.59503 1.32336e-08
3.61075 1.31046e-08
3.62651 1.28427e-08
3.6423 1.28744e-08
3.65812 1.27102e-08
3.67398 1.25933e-08
3.68988 1.24967e-08
3.70581 1.23676e-08
3.72177 1.22428e-08
3.73777 1.20117e-08
3.7538 1.20997e-08
3.76987 1.18246e-08
3.78597 1.18611e-08
3.8021 1.16923e-08
3.81827 1.14961e-08
3.83447 1.14446e-08
3.85071 1.13046e-08
3.86698 1.11414e-08
3.88329 1.11197e-08
3.89963 1.1114e-08
3.91601 1.08435e-08
3.93241 1.07972e-08
3.94886 1.07418e-08
3.96534 1.05112e-08
3.98185 1.05214e-08
3.99839 1.04528e-08
4.01498 1.0383e-08
4.03159 1.01825e-08
4.04824 1.01291e-08
4.06492 1.01446e-08
4.08164 9.90113e-09
4.09839 9.89759e-09
4.11518 9.84927e-09
4.132 9.70882e-09
4.14886 9.68613e-09
4.16575 9.70558e-09
4.18267 9.47933e-09
4.19963 9.34755e-09
4.21662 9.26682e-09
4.23365 9.27569e-09
4.25071 9.0936e-09
4.2678 9.13927e-09
4.28493 8.9118e-09
4.3021 8.95756e-09
4.31929 8.85805e-09
4.33653 8.78363e-09
4.35379 8.67032e-09
4.3711 8.5928e-09
4.38843 8.55014e-09
4.4058 8.4167e-09
4.4232 8.49047e-09
4.44064 8.30433e-09
4.45812 8.29738e-09
4.47562 8.26915e-09
4.49316 8.15843e-09
4.51074 8.03384e-09
4.52835 8.05854e-09
4.54599 7.89912e-09
4.56367 7.96602e-09
4.58139 7.90189e-09
4.59913 7.75237e-09
4.61691 7.72387e-09
4.63473 7.59282e-09
4.65258 7.58755e-09
4.67046 7.56628e-09
4.68838 7.50646e-09
4.70634 7.43938e-09
4.72432 7.30108e-09
4.74234 7.28745e-09
4.7604 7.31916e-09
4.77849 7.22008e-09
4.79662 7.15807e-09
4.81477 7.0351e-09
4.83297 7.04152e-09
4.85119 6.9995e-09
4.86946 6.91512e-09
4.88775 6.8721e-09
4.90608 6.76571e-09
4.92445 6.8031e-09
4.94285 6.69255e-09
4.96128 6.77855e-09
4.97975 6.63458e-09
4.99825 6.61422e-09
5.01679 6.53712e-09
5.03536 6.45844e-09
5.05396 6.41719e-09
5.0726 6.36991e-09
5.09127 6.36241e-09
5.10998 6.32089e-09
5.12872 6.30584e-09
5.1475 6.22833e-09
5.16631 6.2149e-09
5.18516 6.18926e-09
5.20404 6.05401e-09
5.22295 5.98326e-09
5.2419 5.98993e-09
5.26088 5.9205e-09
5.2799 5.90727e-09
5.29895 5.81546e-09
5.31803 5.8397e-09
5.33715 5.74741e-09
5.35631 5.73897e-09
5.37549 5.6549e-09
5.39472 5.70222e-09
5.41397 5.61342e-09
5.43326 5.5834e-09
5.45259 5.52678e-09
5.47195 5.48809e-09
5.49134 5.42665e-09
5.51077 5.41951e-09
5.53023 5.39106e-09
5.54973 5.37427e-09
5.56926 5.36529e-09
5.58883 5.29792e-09
5.60843 5.24686e-09
5.62806 5.18218e-09
5.64773 5.17677e-09
5.66743 5.15649e-09
5.68717 5.17045e-09
5.70694 5.07425e-09
5.72675 4.9592e-09
5.74659 5.0103e-09
5.76646 4.97028e-09
5.78637 4.97539e-09
5.80631 4.86881e-09
5.82629 4.88359e-09
5.8463 4.83996e-09
5.86635 4.80919e-09
5.88643 4.76188e-09
5.90654 4.79619e-09
5.92669 4.74523e-09
5.94687 4.74071e-09
5.96709 4.65147e-09
5.98734 4.6521e-09
6.00763 4.56779e-09
6.02795 4.55894e-09
6.0483 4.50639e-09
6.06869 4.50701e-09
6.08911 4.47082e-09
6.10957 4.45766e-09
6.13006 4.40544e-09
6.15059 4.38161e-09
6.17115 4.37893e-09
6.19174 4.3441e-09
6.21237 4.30986e-09
6.23304 4.27537e-09
6.25373 4.26865e-09
6.27447 4.25065e-09
6.29523 4.19363e-09
6.31603 4.19921e-09
6.33687 4.17949e-09
6.35774 4.10505e-09
6.37864 4.14174e-09
6.39958 4.10715e-09
6.42055 4.02392e-09
6.44156 4.00143e-09
6.4626 3.97852e-09
6.48367 4.0064e-09
6.50478 3.95393e-09
6.52593 3.9667e-09
6.5471 3.91361e-09
6.56832 3.84542e-09
6.58956 3.85052e-09
6.61084 3.81377e-09
6.63216 3.82773e-09
6.65351 3.77816e-09
6.67489 3.783e-09
6.69631 3.74162e-09
6.71776 3.71659e-09
6.73925 3.67948e-09
6.76077 3.66128e-09
6.78232 3.65001e-09
6.80391 3.65903e-09
6.82554 3.65155e-09
6.8472 3.59019e-09
6.86889 3.56119e-09
6.89062 3.56914e-09
6.91238 3.51516e-09
6.93417 3.46646e-09
6.956 3.50647e-09
6.97787 3.49853e-09
6.99976 3.46444e-09
7.0217 3.44485e-09
7.04366 3.37994e-09
7.06567 3.37993e-09
7.0877 3.34907e-09
7.10977 3.33994e-09
7.13188 3.32847e-09
7.15401 3.31414e-09
7.17619 3.32601e-09
7.19839 3.22424e-09
7.22064 3.22982e-09
7.24291 3.24891e-09
7.26522 3.23858e-09
7.28757 3.18006e-09
7.30994 3.16852e-09
7.33236 3.13779e-09
7.35481 3.15676e-09
7.37729 3.1213e-09
7.3998 3.07117e-09
7.42235 3.08773e-09
7.44494 3.07362e-09
7.46756 3.04675e-09
7.49021 3.03864e-09
7.5129 3.02802e-09
7.53562 2.98879e-09
7.55837 3.00988e-09
7.58117 2.96728e-09
7.60399 2.95042e-09
7.62685 2.96424e-09
7.64974 2.91235e-09
7.67267 2.90165e-09
7.69563 2.88319e-09
7.71863 2.86713e-09
7.74166 2.84828e-09
7.76472 2.84141e-09
7.78782 2.81168e-09
7.81096 2.7937e-09
7.83412 2.77507e-09
7.85733 2.76505e-09
7.88056 2.73477e-09
7.90383 2.74994e-09
7.92714 2.69612e-09
7.95048 2.71961e-09
7.97385 2.68977e-09
7.99726 2.69263e-09
8.0207 2.69896e-09
8.04418 2.64617e-09
8.06769 2.63806e-09
8.09123 2.63508e-09
8.11481 2.63132e-09
8.13843 2.60779e-09
8.16208 2.61293e-09
8.18576 2.56352e-09
8.20947 2.54481e-09
8.23323 2.5643e-09
8.25701 2.53038e-09
8.28083 2.52595e-09
8.30468 2.48692e-09
8.32857 2.49561e-09
8.3525 2.46785e-09
8.37645 2.43486e-09
8.40044 2.46214e-09
8.42447 2.44426e-09
8.44853 2.42705e-09
8.47262 2.41604e-09
8.49675 2.39817e-09
8.52091 2.38738e-09
8.54511 2.38478e-09
8.56934 2.35628e-09
8.59361 2.3717e-09
8.61791 2.34042e-09
8.64224 2.3311e-09
8.66661 2.31535e-09
8.69101 2.29902e-09
8.71545 2.29663e-09
8.73992 2.27759e-09
8.76443 2.26995e-09
8.78897 2.25436e-09
8.81354 2.2554e-09
8.83815 2.23236e-09
8.86279 2.23007e-09
8.88747 2.2267e-09
8.91218 2.2033e-09
8.93693 2.18562e-09
8.96171 2.17083e-09
8.98652 2.16648e-09
9.01137 2.15686e-09
9.03626 2.12774e-09
9.06117 2.1294e-09
9.08612 2.10765e-09
9.11111 2.12011e-09
9.13613 2.10366e-09
9.16119 2.09707e-09
9.18628 2.06771e-09
9.2114 2.0688e-09
9.23656 2.06017e-09
9.26175 2.05948e-09
9.28697 2.04611e-09
9.31223 2.02459e-09
9.33753 2.0015e-09
9.36286 2.02094e-09
9.38822 2.00835e-09
9.41362 1.9977e-09
9.43905 2.00463e-09
9.46452 1.97636e-09
9.49002 1.95059e-09
9.51555 1.94601e-09
9.54112 1.9366e-09
9.56673 1.91997e-09
9.59237 1.9181e-09
9.61804 1.88555e-09
9.64374 1.90054e-09
9.66948 1.8981e-09
9.69526 1.89732e-09
9.72107 1.86323e-09
9.74691 1.86963e-09
9.77279 1.84148e-09
9.7987 1.83635e-09
9.82465 1.83986e-09
9.85063 1.84756e-09
9.87665 1.8079e-09
9.9027 1.80248e-09
9.92878 1.79571e-09
9.9549 1.79737e-09
9.98105 1.7656e-09
10.0072 1.76778e-09
10.0335 1.77435e-09
10.0597 1.736e-09
10.086 1.75531e-09
10.1123 1.7501e-09
10.1387 1.73557e-09
10.1651 1.72024e-09
10.1915 1.72899e-09
10.218 1.70763e-09
10.2445 1.72329e-09
10.271 1.68973e-09
10.2976 1.68726e-09
10.3242 1.68598e-09
10.3508 1.66825e-09
10.3775 1.64698e-09
10.4042 1.6354e-09
10.4309 1.63678e-09
10.4577 1.62956e-09
10.4845 1.62749e-09
10.5113 1.61974e-09
10.5382 1.62966e-09
10.5651 1.6072e-09
10.592 1.58937e-09
10.619 1.58561e-09
10.646 1.5951e-09
10.6731 1.58793e-09
10.7001 1.56902e-09
10.7273 1.55977e-09
10.7544 1.56767e-09
10.7816 1.56912e-09
10.8088 1.53901e-09
10.836 1.53637e-09
10.8633 1.53457e-09
10.8907 1.49943e-09
10.918 1.51906e-09
10.9454 1.49951e-09
10.9728 1.49822e-09
11.0003 1.49376e-09
11.0278 1.50349e-09
11.0553 1.50288e-09
11.0828 1.47454e-09
11.1104 1.44517e-09
11.1381 1.46665e-09
11.1657 1.44129e-09
11.1934 1.45211e-09
11.2212 1.42691e-09
11.2489 1.4285e-09
11.2767 1.40637e-09
11.3046 1.42517e-09
11.3324 1.40575e-09
11.3603 1.40945e-09
11.3883 1.40914e-09
11.4162 1.37292e-09
11.4442 1.41208e-09
11.4723 1.37505e-09
11.5003 1.37925e-09
11.5285 1.37217e-09
11.5566 1.34903e-09
11.5848 1.36838e-09
11.613 1.35313e-09
11.6412 1.35045e-09
11.6695 1.32792e-09
11.6978 1.32848e-09
11.7262 1.3259e-09
11.7546 1.33153e-09
11.783 1.31859e-09
11.8114 1.29252e-09
11.8399 1.29455e-09
11.8684 1.28892e-09
11.897 1.28764e-09
11.9256 1.29054e-09
11.9542 1.28785e-09
11.9829 1.28029e-09
12.0115 1.27524e-09
12.0403 1.2429e-09
12.069 1.24522e-09
12.0978 1.2705e-09
12.1267 1.26697e-09
12.1555 1.24219e-09
12.1844 1.22835e-09
12.2133 1.23825e-09
12.2423 1.23598e-09
12.2713 1.21388e-09
12.3003 1.22723e-09
12.3294 1.21877e-09
12.3585 1.19583e-09
12.3877 1.20127e-09
12.4168 1.19472e-09
12.446 1.19509e-09
12.4753 1.17898e-09
12.5045 1.18284e-09
12.5339 1.1785e-09
12.5632 1.16901e-09
12.5926 1.17302e-09
12.622 1.16128e-09
12.6514 1.15148e-09
12.6809 1.15401e-09
12.7104 1.14037e-09
12.74 1.14399e-09
12.7696 1.11763e-09
12.7992 1.12372e-09
12.8288 1.1272e-09
12.8585 1.11627e-09
12.8882 1.1184e-09
12.918 1.11124e-09
12.9478 1.10634e-09
12.9776 1.09847e-09
13.0075 1.09614e-09
13.0374 1.09136e-09
13.0673 1.09925e-09
13.0972 1.07621e-09
13.1272 1.07627e-09
13.1573 1.06745e-09
13.1873 1.07128e-09
13.2174 1.08309e-09
13.2476 1.04317e-09
13.2777 1.05463e-09
13.3079 1.05062e-09
13.3382 1.05264e-09
13.3684 1.04939e-09
13.3987 1.04243e-09
13.4291 1.02746e-09
13.4594 1.03441e-09
13.4899 1.03869e-09
13.5203 1.01432e-09
13.5508 1.02095e-09
13.5813 1.02526e-09
13.6118 1.01266e-09
13.6424 1.0028e-09
13.673 9.99466e-10
13.7037 9.89598e-10
13.7343 9.84815e-10
13.7651 9.86986e-10
13.7958 9.72952e-10
13.8266 9.78442e-10
13.8574 9.65897e-10
13.8883 9.73998e-10
13.9191 9.74093e-10
13.9501 9.66805e-10
13.981 9.58684e-10
14.012 9.61381e-10
14.043 9.52737e-10
14.0741 9.35299e-10
14.1052 9.60854e-10
14.1363 9.45992e-10
14.1675 9.41696e-10
14.1987 9.36098e-10
14.2299 9.2953e-10
14.2612 9.22772e-10
14.2925 9.20438e-10
14.3238 9.17468e-10
14.3552 9.08569e-10
14.3866 9.18008e-10
14.418 9.0306e-10
14.4495 8.96946e-10
14.481 8.92195e-10
14.5125 8.9785e-10
14.5441 8.84103e-10
14.5757 8.83815e-10
14.6073 8.9253e-10
14.639 8.82778e-10
14.6707 8.90554e-10
14.7025 8.8425e-10
14.7343 8.77906e-10
14.7661 8.67736e-10
14.7979 8.70906e-10
14.8298 8.63732e-10
14.8617 8.63542e-10
14.8937 8.57735e-10
14.9256 8.50547e-10
14.9577 8.42008e-10
14.9897 8.47338e-10
15.0218 8.43253e-10
15.0539 8.36047e-10
15.0861 8.31841e-10
15.1183 8.27651e-10
15.1505 8.18485e-10
15.1828 8.31071e-10
15.2151 8.19618e-10
15.2474 8.14523e-10
15.2797 8.20062e-10
15.3121 8.18996e-10
15.3446 8.01936e-10
15.377 8.16997e-10
15.4095 8.06534e-10
15.4421 8.02013e-10
15.4746 7.96322e-10
15.5072 7.99262e-10
15.5399 7.86423e-10
15.5725 7.76944e-10
15.6053 7.87418e-10
15.638 7.77406e-10
15.6708 7.77493e-10
15.7036 7.83617e-10
15.7364 7.75566e-10
15.7693 7.76874e-10
15.8022 7.6624e-10
15.8352 7.59438e-10
15.8681 7.57572e-10
15.9011 7.52092e-10
15.9342 7.46353e-10
15.9673 7.45434e-10
16.0004 7.50823e-10
16.0335 7.43703e-10
16.0667 7.3726e-10
16.1 7.41106e-10
16.1332 7.4111e-10
16.1665 7.27683e-10
16.1998 7.30426e-10
16.2332 7.36834e-10
16.2666 7.38735e-10
16.3 7.32007e-10
16.3335 7.30223e-10
16.3669 7.23447e-10
16.4005 7.23229e-10
16.434 7.11746e-10
16.4676 7.09783e-10
16.5013 7.08589e-10
16.5349 7.04285e-10
16.5686 7.02273e-10
16.6024 7.02503e-10
16.6361 6.97639e-10
16.6699 6.8589e-10
16.7038 7.06837e-10
16.7376 6.95648e-10
16.7716 6.946e-10
16.8055 6.78066e-10
16.8395 6.85534e-10
16.8735 6.84072e-10
16.9075 6.84854e-10
16.9416 6.8168e-10
16.9757 6.68452e-10
17.0099 6.62449e-10
17.044 6.68378e-10
17.0783 6.69865e-10
17.1125 6.61018e-10
17.1468 6.66776e-10
17.1811 6.48748e-10
17.2155 6.52554e-10
17.2498 6.51199e-10
17.2843 6.54426e-10
17.3187 6.45629e-10
17.3532 6.39508e-10
17.3877 6.43989e-10
17.4223 6.36781e-10
17.4569 6.37313e-10
17.4915 6.35453e-10
17.5262 6.40756e-10
17.5609 6.31308e-10
17.5956 6.35143e-10
17.6304 6.22641e-10
17.6652 6.2549e-10
17.7 6.1724e-10
17.7349 6.19304e-10
17.7698 6.11387e-10
17.8047 6.11115e-10
17.8397 6.13339e-10
17.8747 6.12327e-10
17.9097 6.04447e-10
17.9448 6.0644e-10
17.9799 5.89755e-10
18.015 6.02994e-10
18.0502 5.95231e-10
18.0854 5.92779e-10
18.1207 5.97337e-10
18.1559 5.96728e-10
18.1912 5.93173e-10
18.2266 5.86717e-10
18.262 5.86986e-10
18.2974 5.89249e-10
18.3328 5.77923e-10
18.3683 5.79515e-10
18.4038 5.818e-10
18.4394 5.75891e-10
18.475 5.73128e-10
18.5106 5.68538e-10
18.5463 5.72689e-10
18.5819 5.76501e-10
18.6177 5.68659e-10
18.6534 5.59585e-10
18.6892 5.6803e-10
18.7251 5.56968e-10
18.7609 5.6041e-10
18.7968 5.49561e-10
18.8327 5.45987e-10
18.8687 5.40337e-10
18.9047 5.56416e-10
18.9407 5.49581e-10
18.9768 5.46238e-10
19.0129 5.45015e-10
19.049 5.49108e-10
19.0852 5.46049e-10
19.1214 5.43837e-10
19.1577 5.39349e-10
19.1939 5.3749e-10
19.2302 5.34289e-10
19.2666 5.33382e-10
19.303 5.32726e-10
19.3394 5.32599e-10
19.3758 5.23423e-10
19.4123 5.17598e-10
19.4488 5.22473e-10
19.4853 5.23403e-10
19.5219 5.1895e-10
19.5585 5.15157e-10
19.5952 5.10144e-10
19.6319 5.09685e-10
19.6686 5.07337e-10
19.7054 5.10239e-10
19.7421 5.11854e-10
19.779 5.10462e-10
19.8158 5.11511e-10
19.8527 5.07301e-10
19.8896 5.01244e-10
19.9266 5.05094e-10
19.9636 4.98522e-10
20.0006 4.95516e-10
20.0377 4.95364e-10
20.0748 4.91874e-10
20.1119 4.90209e-10
20.1491 4.93822e-10
20.1863 4.84857e-10
20.2235 4.90266e-10
20.2608 4.85358e-10
20.2981 4.81224e-10
20.3354 4.86375e-10
20.3728 4.76119e-10
20.4102 4.75044e-10
20.4476 4.75723e-10
20.4851 4.72324e-10
20.5226 4.67274e-10
20.5602 4.74382e-10
20.5977 4.6825e-10
20.6353 4.64093e-10
20.673 4.67304e-10
20.7107 4.62612e-10
20.7484 4.66098e-10
20.7861 4.58954e-10
20.8239 4.60521e-10
20.8617 4.55753e-10
20.8996 4.59463e-10
20.9375 4.55642e-10
20.9754 4.59827e-10
21.0133 4.48525e-10
21.0513 4.45759e-10
21.0894 4.53166e-10
21.1274 4.46454e-10
21.1655 4.40575e-10
21.2036 4.45841e-10
21.2418 4.46526e-10
21.28 4.44099e-10
21.3182 4.33759e-10
21.3565 4.36675e-10
21.3948 4.31607e-10
21.4331 4.40751e-10
21.4715 4.42255e-10
21.5099 4.34638e-10
21.5483 4.33844e-10
21.5868 4.30941e-10
21.6253 4.31715e-10
21.6638 4.3088e-10
21.7024 4.34278e-10
21.741 4.24964e-10
21.7796 4.26219e-10
21.8183 4.36732e-10
21.857 4.21087e-10
21.8958 4.24736e-10
21.9345 4.19757e-10
21.9734 4.16363e-10
22.0122 4.13867e-10
22.0511 4.14108e-10
22.09 4.09013e-10
