0.0822894 0.000223265
0.0867786 0.000606336
0.0913871 0.00107217
0.0961148 0.00159261
0.100962 0.00215234
0.105928 0.00274211
0.111013 0.0033562
0.116218 0.00399114
0.121542 0.00464498
0.126985 0.0053169
0.132547 0.00600689
0.138228 0.0067156
0.144029 0.00744422
0.149949 0.00819438
0.155988 0.00896815
0.162146 0.00976795
0.168424 0.0105966
0.174821 0.0114573
0.181337 0.0123535
0.187972 0.0132893
0.194727 0.0142691
0.2016 0.0152978
0.208593 0.0163809
0.215705 0.0175245
0.222937 0.0187354
0.230287 0.0200211
0.237757 0.0213903
0.245346 0.0228525
0.253055 0.0244184
0.260882 0.0261001
0.268829 0.0279116
0.276895 0.0298684
0.28508 0.0319883
0.293384 0.0342917
0.301808 0.0368018
0.310351 0.0395456
0.319013 0.0425539
0.327794 0.0458623
0.336695 0.0495121
0.345714 0.0535511
0.354853 0.0580352
0.364111 0.0630289
0.373489 0.0686079
0.382985 0.0748597
0.392601 0.0818864
0.402336 0.0898059
0.412191 0.0987539
0.422164 0.108885
0.432257 0.120371
0.442469 0.1334
0.4528 0.148169
0.46325 0.164867
0.47382 0.183652
0.484509 0.204607
0.495317 0.227679
0.506244 0.252589
0.517291 0.278724
0.528457 0.305038
0.539742 0.329992
0.551146 0.351627
0.562669 0.367808
0.574312 0.376656
0.586074 0.377046
0.597955 0.36894
0.609955 0.353404
0.622075 0.33228
0.634313 0.307697
0.646671 0.281633
0.659149 0.255651
0.671745 0.230828
0.684461 0.2078
0.697296 0.186866
0.71025 0.168093
0.723323 0.151405
0.736516 0.136651
0.749827 0.123644
0.763258 0.112189
0.776809 0.102099
0.790478 0.0932018
0.804267 0.0853426
0.818175 0.0783856
0.832202 0.0722124
0.846348 0.0667208
0.860614 0.0618225
0.874998 0.0574418
0.889502 0.0535138
0.904126 0.0499826
0.918868 0.0468002
0.93373 0.0439252
0.948711 0.0413218
0.963811 0.0389593
0.97903 0.036811
0.994369 0.0348535
1.00983 0.0330667
1.0254 0.0314328
1.0411 0.0299365
1.05692 0.0285642
1.07285 0.027304
1.0889 0.0261453
1.10508 0.0250788
1.12137 0.0240965
1.13778 0.0231909
1.15431 0.0223556
1.17096 0.0215848
1.18773 0.0208733
1.20462 0.0202166
1.22163 0.0196105
1.23875 0.0190513
1.256 0.0185355
1.27337 0.0180601
1.29085 0.0176223
1.30845 0.0172195
1.32618 0.0168493
1.34402 0.0165095
1.36198 0.0161977
1.38006 0.0159119
1.39826 0.01565
1.41658 0.0154096
1.43502 0.0151887
1.45358 0.0149845
1.47225 0.0147944
1.49105 0.0146152
1.50996 0.0144433
1.529 0.0142747
1.54815 0.0141046
1.56743 0.0139275
1.58682 0.0137371
1.60633 0.0135265
1.62596 0.0132879
1.64571 0.0130131
1.66558 0.0126939
1.68557 0.0123225
1.70567 0.0118922
1.7259 0.0113986
1.74625 0.0108404
1.76671 0.0102199
1.7873 0.00954395
1.808 0.00882362
1.82882 0.00807354
1.84977 0.00731075
1.87083 0.00655299
1.89201 0.0058171
1.91331 0.00511757
1.93473 0.00446557
1.95626 0.00386864
1.97792 0.0033307
1.9997 0.00285257
2.02159 0.00243263
2.04361 0.00206751
2.06574 0.00175274
2.088 0.0014833
2.11037 0.00125404
2.13286 0.00105993
2.15547 0.000896257
2.1782 0.000758737
2.20105 0.000643544
2.22402 0.000547315
2.24711 0.00046713
2.27032 0.000400475
2.29364 0.000345202
2.31709 0.000299484
2.34065 0.000261774
2.36434 0.000230764
2.38814 0.000205354
2.41206 0.000184619
2.43611 0.00016778
2.46027 0.000154183
2.48455 0.000143282
2.50895 0.000134617
2.53347 0.000127802
2.5581 0.000122516
2.58286 0.000118486
2.60774 0.000115488
2.63273 0.000113331
2.65785 0.000111857
2.68308 0.000110933
2.70844 0.000110447
2.73391 0.000110308
2.7595 0.000110439
2.78521 0.000110775
2.81104 0.000111262
2.83699 0.000111858
2.86306 0.000112525
2.88925 0.000113235
2.91555 0.000113961
2.94198 0.000114686
2.96853 0.000115392
2.99519 0.000116067
3.02197 0.000116701
3.04888 0.000117287
3.0759 0.000117818
3.10304 0.000118291
3.1303 0.000118703
3.15768 0.000119051
3.18518 0.000119335
3.2128 0.000119555
3.24054 0.000119711
3.2684 0.000119804
3.29637 0.000119836
3.32447 0.000119807
3.35268 0.00011972
3.38102 0.000119578
3.40947 0.000119381
3.43804 0.000119133
3.46673 0.000118836
3.49554 0.000118492
3.52447 0.000118103
3.55352 0.000117672
3.58269 0.000117201
3.61198 0.000116692
3.64139 0.000116148
3.67091 0.000115571
3.70056 0.000114963
3.73032 0.000114326
3.76021 0.000113662
3.79021 0.000112973
3.82033 0.000112261
3.85057 0.000111527
3.88093 0.000110773
3.91141 0.000110001
3.94201 0.000109213
3.97273 0.000108409
4.00357 0.000107592
4.03453 0.000106762
4.0656 0.000105921
4.0968 0.00010507
4.12811 0.00010421
4.15955 0.000103342
4.1911 0.000102468
4.22277 0.000101587
4.25456 0.000100702
4.28647 9.98132e-05
4.3185 9.89209e-05
4.35065 9.80262e-05
4.38292 9.71297e-05
4.41531 9.62323e-05
4.44781 9.53344e-05
4.48044 9.44368e-05
4.51319 9.354e-05
4.54605 9.26444e-05
4.57903 9.17507e-05
4.61214 9.08592e-05
4.64536 8.99704e-05
4.6787 8.90847e-05
4.71216 8.82025e-05
4.74574 8.73241e-05
4.77944 8.64498e-05
4.81326 8.55801e-05
4.84719 8.4715e-05
4.88125 8.3855e-05
4.91543 8.30002e-05
4.94972 8.21508e-05
4.98414 8.13072e-05
5.01867 8.04694e-05
5.05332 7.96376e-05
5.08809 7.8812e-05
5.12299 7.79927e-05
5.158 7.71799e-05
5.19313 7.63737e-05
5.22837 7.55741e-05
5.26374 7.47813e-05
5.29923 7.39954e-05
5.33484 7.32164e-05
5.37056 7.24444e-05
5.40641 7.16795e-05
5.44237 7.09216e-05
5.47845 7.01709e-05
5.51466 6.94274e-05
5.55098 6.86911e-05
5.58742 6.79619e-05
5.62398 6.724e-05
5.66066 6.65253e-05
5.69746 6.58179e-05
5.73438 6.51177e-05
5.77141 6.44247e-05
5.80857 6.37389e-05
5.84585 6.30603e-05
5.88324 6.23889e-05
5.92076 6.17247e-05
5.95839 6.10675e-05
5.99614 6.04174e-05
6.03401 5.97744e-05
6.072 5.91384e-05
6.11011 5.85094e-05
6.14834 5.78873e-05
6.18669 5.72721e-05
6.22516 5.66638e-05
6.26375 5.60622e-05
6.30245 5.54675e-05
6.34128 5.48794e-05
6.38022 5.42979e-05
6.41929 5.37231e-05
6.45847 5.31548e-05
6.49777 5.2593e-05
6.5372 5.20376e-05
6.57674 5.14886e-05
6.6164 5.0946e-05
6.65618 5.04095e-05
6.69607 4.98793e-05
6.73609 4.93552e-05
6.77623 4.88372e-05
6.81649 4.83253e-05
6.85686 4.78193e-05
6.89736 4.73191e-05
6.93797 4.68249e-05
6.9787 4.63364e-05
7.01955 4.58536e-05
7.06053 4.53765e-05
7.10162 4.49049e-05
7.14283 4.44389e-05
7.18416 4.39784e-05
7.22561 4.35233e-05
7.26717 4.30736e-05
7.30886 4.26291e-05
7.35067 4.21899e-05
7.39259 4.17558e-05
7.43464 4.13269e-05
7.4768 4.0903e-05
7.51908 4.04841e-05
7.56148 4.00701e-05
7.60401 3.96611e-05
7.64665 3.92568e-05
7.68941 3.88573e-05
7.73229 3.84625e-05
7.77528 3.80724e-05
7.8184 3.76869e-05
7.86164 3.73059e-05
7.905 3.69293e-05
7.94847 3.65572e-05
7.99206 3.61895e-05
8.03578 3.58261e-05
8.07961 3.5467e-05
8.12356 3.51121e-05
8.16764 3.47614e-05
8.21183 3.44147e-05
8.25614 3.40722e-05
8.30056 3.37336e-05
8.34511 3.3399e-05
8.38978 3.30683e-05
8.43457 3.27415e-05
8.47947 3.24185e-05
8.5245 3.20992e-05
8.56964 3.17837e-05
8.61491 3.14719e-05
8.66029 3.11636e-05
8.70579 3.0859e-05
8.75141 3.05579e-05
8.79715 3.02603e-05
8.84301 2.99661e-05
8.88899 2.96753e-05
8.93509 2.93879e-05
8.98131 2.91038e-05
9.02764 2.8823e-05
9.0741 2.85454e-05
9.12068 2.8271e-05
9.16737 2.79997e-05
9.21418 2.77316e-05
9.26112 2.74665e-05
9.30817 2.72045e-05
9.35534 2.69455e-05
9.40263 2.66894e-05
9.45004 2.64362e-05
9.49757 2.6186e-05
9.54522 2.59385e-05
9.59298 2.56939e-05
9.64087 2.54521e-05
9.68888 2.52129e-05
9.737 2.49765e-05
9.78524 2.47428e-05
9.83361 2.45117e-05
9.88209 2.42832e-05
9.93069 2.40572e-05
9.97941 2.38338e-05
10.0283 2.36129e-05
10.0772 2.33945e-05
10.1263 2.31785e-05
10.1755 2.2965e-05
10.2248 2.27538e-05
10.2742 2.25449e-05
10.3238 2.23384e-05
10.3735 2.21342e-05
10.4233 2.19322e-05
10.4732 2.17324e-05
10.5232 2.15349e-05
10.5734 2.13395e-05
10.6236 2.11463e-05
10.674 2.09552e-05
10.7245 2.07662e-05
10.7752 2.05793e-05
10.8259 2.03944e-05
10.8768 2.02116e-05
10.9278 2.00307e-05
10.9789 1.98518e-05
11.0301 1.96748e-05
11.0814 1.94998e-05
11.1329 1.93266e-05
11.1845 1.91554e-05
11.2362 1.89859e-05
11.288 1.88183e-05
11.3399 1.86525e-05
11.392 1.84885e-05
11.4442 1.83263e-05
11.4965 1.81657e-05
11.5489 1.80069e-05
11.6014 1.78498e-05
11.6541 1.76944e-05
11.7069 1.75406e-05
11.7598 1.73884e-05
11.8128 1.72379e-05
11.8659 1.70889e-05
11.9192 1.69416e-05
11.9725 1.67957e-05
12.026 1.66514e-05
12.0796 1.65087e-05
12.1334 1.63674e-05
12.1872 1.62276e-05
12.2412 1.60892e-05
12.2953 1.59523e-05
12.3495 1.58169e-05
12.4038 1.56828e-05
12.4582 1.55501e-05
12.5128 1.54188e-05
12.5675 1.52889e-05
12.6223 1.51603e-05
12.6772 1.5033e-05
12.7322 1.49071e-05
12.7874 1.47824e-05
12.8427 1.4659e-05
12.8981 1.45369e-05
12.9536 1.4416e-05
13.0092 1.42964e-05
13.065 1.4178e-05
13.1209 1.40608e-05
13.1769 1.39447e-05
13.233 1.38299e-05
13.2892 1.37162e-05
13.3455 1.36036e-05
13.402 1.34922e-05
13.4586 1.33819e-05
13.5153 1.32728e-05
13.5721 1.31647e-05
13.6291 1.30577e-05
13.6862 1.29517e-05
13.7433 1.28469e-05
13.8007 1.2743e-05
13.8581 1.26402e-05
13.9156 1.25384e-05
13.9733 1.24377e-05
14.0311 1.23379e-05
14.089 1.22391e-05
14.147 1.21413e-05
14.2051 1.20444e-05
14.2634 1.19485e-05
14.3218 1.18536e-05
14.3803 1.17595e-05
14.4389 1.16664e-05
14.4976 1.15742e-05
14.5565 1.14829e-05
14.6154 1.13925e-05
14.6745 1.13029e-05
14.7337 1.12143e-05
14.7931 1.11264e-05
14.8525 1.10395e-05
14.9121 1.09533e-05
14.9718 1.0868e-05
15.0316 1.07835e-05
15.0915 1.06999e-05
15.1516 1.0617e-05
15.2117 1.05349e-05
15.272 1.04536e-05
15.3324 1.03731e-05
15.393 1.02933e-05
15.4536 1.02143e-05
15.5144 1.01361e-05
15.5752 1.00586e-05
15.6362 9.98177e-06
15.6974 9.90571e-06
15.7586 9.83037e-06
15.82 9.75573e-06
15.8814 9.6818e-06
15.943 9.60855e-06
16.0048 9.53599e-06
16.0666 9.46411e-06
16.1285 9.3929e-06
16.1906 9.32235e-06
16.2528 9.25245e-06
16.3151 9.1832e-06
16.3776 9.11459e-06
16.4401 9.04662e-06
16.5028 8.97927e-06
16.5656 8.91254e-06
16.6285 8.84642e-06
16.6915 8.78091e-06
16.7547 8.716e-06
16.8179 8.65169e-06
16.8813 8.58796e-06
16.9448 8.52481e-06
17.0084 8.46223e-06
17.0722 8.40023e-06
17.136 8.33878e-06
17.2 8.2779e-06
17.2641 8.21756e-06
17.3283 8.15776e-06
17.3927 8.09851e-06
17.4571 8.03978e-06
17.5217 7.98159e-06
17.5864 7.92391e-06
17.6512 7.86675e-06
17.7162 7.81011e-06
17.7812 7.75396e-06
17.8464 7.69832e-06
17.9117 7.64317e-06
17.9771 7.58851e-06
18.0426 7.53433e-06
18.1083 7.48063e-06
18.1741 7.42741e-06
18.2399 7.37465e-06
18.306 7.32236e-06
18.3721 7.27053e-06
18.4383 7.21916e-06
18.5047 7.16823e-06
18.5712 7.11775e-06
18.6378 7.06771e-06
18.7045 7.0181e-06
18.7714 6.96893e-06
18.8383 6.92018e-06
18.9054 6.87185e-06
18.9726 6.82395e-06
19.0399 6.77645e-06
19.1074 6.72937e-06
19.1749 6.68269e-06
19.2426 6.63642e-06
19.3104 6.59054e-06
19.3783 6.54505e-06
19.4463 6.49995e-06
19.5145 6.45524e-06
19.5828 6.41091e-06
19.6512 6.36696e-06
19.7197 6.32338e-06
19.7883 6.28017e-06
19.8571 6.23733e-06
19.9259 6.19485e-06
19.9949 6.15273e-06
20.064 6.11096e-06
20.1332 6.06955e-06
20.2026 6.02848e-06
20.2721 5.98776e-06
20.3416 5.94738e-06
20.4114 5.90733e-06
20.4812 5.86762e-06
20.5511 5.82825e-06
20.6212 5.7892e-06
20.6914 5.75047e-06
20.7617 5.71207e-06
20.8321 5.67398e-06
20.9026 5.63621e-06
20.9733 5.59876e-06
21.0441 5.56161e-06
21.115 5.52476e-06
21.186 5.48822e-06
21.2571 5.45198e-06
21.3284 5.41604e-06
21.3997 5.38039e-06
21.4712 5.34503e-06
21.5428 5.30996e-06
21.6146 5.27518e-06
21.6864 5.24068e-06
21.7584 5.20646e-06
21.8305 5.17251e-06
21.9027 5.13884e-06
21.975 5.10545e-06
22.0475 5.07232e-06
22.12 5.03946e-06
22.1927 5.00687e-06
22.2655 4.97453e-06
22.3384 4.94246e-06
22.4115 4.91064e-06
22.4846 4.87908e-06
22.5579 4.84776e-06
22.6313 4.8167e-06
22.7048 4.78589e-06
22.7785 4.75532e-06
22.8522 4.72499e-06
22.9261 4.6949e-06
23.0001 4.66506e-06
23.0742 4.63544e-06
23.1485 4.60606e-06
23.2228 4.57691e-06
23.2973 4.548e-06
23.3719 4.5193e-06
23.4466 4.49084e-06
23.5214 4.46259e-06
23.5964 4.43457e-06
23.6714 4.40676e-06
23.7466 4.37918e-06
23.8219 4.3518e-06
23.8974 4.32464e-06
23.9729 4.29769e-06
24.0486 4.27095e-06
24.1244 4.24441e-06
24.2003 4.21808e-06
24.2763 4.19196e-06
24.3524 4.16603e-06
24.4287 4.14031e-06
24.5051 4.11478e-06
24.5816 4.08944e-06
24.6582 4.0643e-06
24.7349 4.03936e-06
24.8118 4.0146e-06
24.8888 3.99003e-06
24.9659 3.96565e-06
25.0431 3.94145e-06
25.1204 3.91744e-06
25.1979 3.89361e-06
25.2754 3.86996e-06
25.3531 3.84649e-06
25.4309 3.82319e-06
25.5089 3.80007e-06
25.5869 3.77713e-06
25.6651 3.75435e-06
25.7434 3.73175e-06
25.8218 3.70932e-06
25.9003 3.68705e-06
25.979 3.66495e-06
26.0577 3.64302e-06
26.1366 3.62125e-06
26.2156 3.59964e-06
26.2947 3.57819e-06
26.374 3.5569e-06
26.4533 3.53577e-06
26.5328 3.51479e-06
26.6124 3.49397e-06
26.6921 3.4733e-06
26.772 3.45278e-06
26.8519 3.43242e-06
26.932 3.4122e-06
27.0122 3.39213e-06
27.0925 3.37221e-06
27.173 3.35244e-06
27.2535 3.33281e-06
27.3342 3.31332e-06
27.415 3.29397e-06
27.4959 3.27476e-06
27.5769 3.2557e-06
27.6581 3.23677e-06
27.7393 3.21798e-06
27.8207 3.19932e-06
27.9022 3.1808e-06
27.9839 3.16241e-06
28.0656 3.14416e-06
28.1475 3.12603e-06
28.2295 3.10804e-06
28.3116 3.09017e-06
28.3938 3.07243e-06
28.4761 3.05482e-06
28.5586 3.03734e-06
28.6412 3.01998e-06
28.7239 3.00274e-06
28.8067 2.98563e-06
28.8896 2.96863e-06
28.9727 2.95176e-06
29.0559 2.935e-06
29.1392 2.91837e-06
29.2226 2.90185e-06
29.3061 2.88545e-06
29.3898 2.86916e-06
29.4735 2.85299e-06
29.5574 2.83693e-06
29.6414 2.82099e-06
29.7256 2.80515e-06
29.8098 2.78943e-06
29.8942 2.77381e-06
29.9787 2.75831e-06
30.0633 2.74291e-06
30.148 2.72762e-06
30.2329 2.71244e-06
30.3178 2.69736e-06
30.4029 2.68238e-06
30.4881 2.66751e-06
30.5734 2.65274e-06
30.6589 2.63808e-06
30.7444 2.62351e-06
30.8301 2.60905e-06
30.9159 2.59468e-06
31.0018 2.58041e-06
31.0879 2.56624e-06
31.174 2.55217e-06
31.2603 2.53819e-06
31.3467 2.52431e-06
31.4332 2.51052e-06
31.5199 2.49683e-06
31.6066 2.48323e-06
31.6935 2.46972e-06
31.7805 2.4563e-06
31.8676 2.44298e-06
31.9548 2.42974e-06
32.0422 2.41659e-06
32.1296 2.40354e-06
32.2172 2.39057e-06
32.3049 2.37768e-06
32.3928 2.36489e-06
32.4807 2.35218e-06
32.5688 2.33955e-06
32.6569 2.32701e-06
32.7452 2.31455e-06
32.8337 2.30218e-06
32.9222 2.28988e-06
33.0109 2.27767e-06
33.0997 2.26554e-06
33.1886 2.25349e-06
33.2776 2.24153e-06
33.3667 2.22964e-06
33.456 2.21782e-06
33.5453 2.20609e-06
33.6348 2.19443e-06
33.7245 2.18286e-06
33.8142 2.17135e-06
33.904 2.15992e-06
33.994 2.14857e-06
34.0841 2.13729e-06
34.1743 2.12609e-06
34.2646 2.11496e-06
34.3551 2.1039e-06
34.4457 2.09291e-06
34.5364 2.082e-06
34.6272 2.07115e-06
34.7181 2.06038e-06
34.8091 2.04967e-06
34.9003 2.03904e-06
34.9916 2.02847e-06
35.083 2.01797e-06
35.1745 2.00754e-06
35.2661 1.99718e-06
35.3579 1.98688e-06
35.4498 1.97665e-06
35.5418 1.96649e-06
35.6339 1.95639e-06
35.7261 1.94635e-06
35.8185 1.93638e-06
35.911 1.92647e-06
36.0036 1.91663e-06
36.0963 1.90685e-06
36.1891 1.89713e-06
36.2821 1.88747e-06
36.3751 1.87788e-06
36.4683 1.86834e-06
36.5616 1.85886e-06
36.6551 1.84945e-06
36.7486 1.84009e-06
36.8423 1.8308e-06
36.9361 1.82156e-06
37.03 1.81238e-06
37.124 1.80325e-06
37.2182 1.79419e-06
37.3124 1.78518e-06
37.4068 1.77623e-06
37.5013 1.76733e-06
37.5959 1.75849e-06
37.6907 1.74971e-06
37.7855 1.74097e-06
37.8805 1.7323e-06
37.9756 1.72368e-06
38.0708 1.71511e-06
38.1662 1.70659e-06
38.2616 1.69813e-06
38.3572 1.68972e-06
38.4529 1.68136e-06
38.5487 1.67305e-06
38.6446 1.66479e-06
38.7407 1.65659e-06
38.8369 1.64843e-06
38.9332 1.64033e-06
39.0296 1.63227e-06
39.1261 1.62426e-06
39.2227 1.61631e-06
39.3195 1.6084e-06
39.4164 1.60054e-06
39.5134 1.59272e-06
39.6105 1.58496e-06
39.7078 1.57724e-06
39.8051 1.56957e-06
39.9026 1.56194e-06
40.0002 1.55437e-06
40.098 1.54683e-06
40.1958 1.53935e-06
40.2938 1.5319e-06
40.3918 1.52451e-06
40.49 1.51715e-06
40.5883 1.50985e-06
40.6868 1.50258e-06
40.7853 1.49536e-06
40.884 1.48818e-06
40.9828 1.48105e-06
41.0817 1.47396e-06
41.1808 1.46691e-06
41.2799 1.4599e-06
41.3792 1.45293e-06
41.4786 1.44601e-06
41.5781 1.43912e-06
41.6777 1.43228e-06
41.7775 1.42548e-06
41.8773 1.41872e-06
41.9773 1.412e-06
42.0774 1.40531e-06
42.1777 1.39867e-06
42.278 1.39207e-06
42.3785 1.3855e-06
42.479 1.37898e-06
42.5797 1.37249e-06
42.6806 1.36604e-06
42.7815 1.35963e-06
42.8826 1.35325e-06
42.9837 1.34692e-06
43.085 1.34062e-06
43.1865 1.33435e-06
43.288 1.32813e-06
43.3897 1.32194e-06
43.4914 1.31578e-06
43.5933 1.30966e-06
43.6953 1.30358e-06
43.7975 1.29753e-06
43.8997 1.29152e-06
44.0021 1.28554e-06
44.1046 1.27959e-06
44.2072 1.27369e-06
44.3099 1.26781e-06
44.4128 1.26197e-06
44.5157 1.25616e-06
44.6188 1.25038e-06
44.722 1.24464e-06
44.8254 1.23893e-06
44.9288 1.23326e-06
45.0324 1.22761e-06
45.1361 1.222e-06
45.2399 1.21642e-06
45.3438 1.21087e-06
45.4478 1.20536e-06
45.552 1.19987e-06
45.6563 1.19442e-06
45.7607 1.189e-06
45.8652 1.1836e-06
45.9698 1.17824e-06
46.0746 1.17291e-06
46.1794 1.16761e-06
46.2844 1.16234e-06
46.3896 1.15709e-06
46.4948 1.15188e-06
46.6001 1.1467e-06
46.7056 1.14154e-06
46.8112 1.13642e-06
46.9169 1.13132e-06
47.0227 1.12626e-06
47.1287 1.12122e-06
47.2348 1.1162e-06
47.3409 1.11122e-06
47.4472 1.10626e-06
47.5537 1.10134e-06
47.6602 1.09644e-06
47.7669 1.09156e-06
47.8737 1.08671e-06
47.9806 1.0819e-06
48.0876 1.0771e-06
48.1947 1.07234e-06
48.302 1.06759e-06
48.4094 1.06288e-06
48.5169 1.05819e-06
48.6245 1.05353e-06
48.7322 1.04889e-06
48.8401 1.04428e-06
48.948 1.0397e-06
49.0561 1.03513e-06
49.1644 1.0306e-06
49.2727 1.02609e-06
49.3811 1.0216e-06
49.4897 1.01714e-06
49.5984 1.0127e-06
49.7072 1.00829e-06
49.8161 1.0039e-06
49.9252 9.99531e-07
50.0344 9.95188e-07
50.1436 9.9087e-07
50.253 9.86574e-07
50.3626 9.82302e-07
50.4722 9.78053e-07
50.582 9.73827e-07
50.6919 9.69624e-07
50.8019 9.65443e-07
50.912 9.61285e-07
51.0222 9.57149e-07
51.1326 9.53035e-07
51.2431 9.48944e-07
51.3537 9.44874e-07
51.4644 9.40826e-07
51.5752 9.368e-07
51.6862 9.32795e-07
51.7972 9.28811e-07
51.9084 9.24849e-07
52.0198 9.20908e-07
52.1312 9.16988e-07
52.2427 9.13088e-07
52.3544 9.0921e-07
52.4662 9.05352e-07
52.5781 9.01514e-07
52.6901 8.97696e-07
52.8023 8.93899e-07
52.9146 8.90122e-07
53.0269 8.86365e-07
53.1394 8.82627e-07
53.2521 8.78909e-07
53.3648 8.75211e-07
53.4777 8.71532e-07
53.5907 8.67872e-07
53.7038 8.64232e-07
53.817 8.6061e-07
53.9303 8.57008e-07
54.0438 8.53424e-07
54.1574 8.49859e-07
54.2711 8.46313e-07
54.3849 8.42785e-07
54.4988 8.39275e-07
54.6129 8.35784e-07
54.727 8.3231e-07
54.8413 8.28855e-07
54.9558 8.25418e-07
55.0703 8.21998e-07
55.1849 8.18596e-07
55.2997 8.15212e-07
55.4146 8.11845e-07
55.5296 8.08496e-07
55.6447 8.05163e-07
55.76 8.01848e-07
55.8753 7.9855e-07
55.9908 7.95269e-07
56.1064 7.92004e-07
56.2222 7.88757e-07
56.338 7.85526e-07
56.454 7.82311e-07
56.5701 7.79113e-07
56.6863 7.75931e-07
56.8026 7.72766e-07
56.919 7.69616e-07
57.0356 7.66483e-07
57.1523 7.63365e-07
57.2691 7.60263e-07
57.386 7.57177e-07
57.503 7.54107e-07
57.6202 7.51052e-07
57.7374 7.48013e-07
57.8548 7.44989e-07
57.9723 7.4198e-07
58.09 7.38986e-07
58.2077 7.36007e-07
58.3256 7.33044e-07
58.4436 7.30095e-07
58.5617 7.27161e-07
58.6799 7.24242e-07
58.7983 7.21337e-07
58.9167 7.18447e-07
59.0353 7.15572e-07
59.154 7.12711e-07
59.2729 7.09864e-07
59.3918 7.07031e-07
59.5109 7.04212e-07
59.63 7.01407e-07
59.7493 6.98617e-07
59.8688 6.9584e-07
59.9883 6.93077e-07
60.108 6.90327e-07
60.2277 6.87592e-07
60.3476 6.84869e-07
60.4677 6.8216e-07
60.5878 6.79465e-07
60.708 6.76783e-07
60.8284 6.74114e-07
60.9489 6.71458e-07
61.0695 6.68815e-07
61.1903 6.66186e-07
61.3111 6.63569e-07
61.4321 6.60965e-07
61.5532 6.58373e-07
61.6744 6.55795e-07
61.7957 6.53229e-07
61.9172 6.50675e-07
62.0387 6.48134e-07
62.1604 6.45605e-07
62.2822 6.43089e-07
62.4041 6.40585e-07
62.5262 6.38093e-07
62.6483 6.35613e-07
62.7706 6.33145e-07
62.893 6.30689e-07
63.0155 6.28245e-07
63.1382 6.25813e-07
63.2609 6.23393e-07
63.3838 6.20984e-07
63.5068 6.18587e-07
63.6299 6.16201e-07
63.7532 6.13827e-07
63.8765 6.11465e-07
64 6.09113e-07
