0.0804068 9.85055e-05
0.0829335 0.000271955
0.0854993 0.000488073
0.0881042 0.000734676
0.0907481 0.00100464
0.0934312 0.00129321
0.0961533 0.00159701
0.0989146 0.00191355
0.101715 0.00224096
0.104554 0.00257782
0.107433 0.00292303
0.11035 0.00327578
0.113307 0.00363545
0.116303 0.00400159
0.119338 0.00437391
0.122412 0.00475221
0.125525 0.0051364
0.128677 0.00552648
0.131868 0.00592252
0.135098 0.00632466
0.138368 0.00673307
0.141676 0.00714802
0.145024 0.00756979
0.14841 0.00799873
0.151836 0.0084352
0.155301 0.00887965
0.158805 0.00933253
0.162348 0.00979435
0.16593 0.0102656
0.169551 0.010747
0.173211 0.011239
0.176911 0.0117424
0.180649 0.0122579
0.184427 0.0127862
0.188243 0.0133281
0.192099 0.0138845
0.195994 0.0144562
0.199928 0.0150444
0.203901 0.0156498
0.207913 0.0162738
0.211964 0.0169173
0.216054 0.0175817
0.220183 0.0182683
0.224352 0.0189784
0.228559 0.0197136
0.232806 0.0204754
0.237091 0.0212656
0.241416 0.022086
0.24578 0.0229384
0.250183 0.0238251
0.254625 0.0247481
0.259106 0.0257101
0.263626 0.0267134
0.268186 0.0277609
0.272784 0.0288556
0.277421 0.0300006
0.282098 0.0311995
0.286814 0.032456
0.291568 0.0337741
0.296362 0.0351582
0.301195 0.036613
0.306067 0.0381436
0.310978 0.0397557
0.315928 0.0414551
0.320918 0.0432485
0.325946 0.045143
0.331013 0.0471463
0.33612 0.0492668
0.341266 0.0515137
0.34645 0.0538971
0.351674 0.0564277
0.356937 0.0591176
0.362239 0.0619797
0.36758 0.0650281
0.37296 0.0682782
0.378379 0.0717471
0.383838 0.0754529
0.389335 0.0794156
0.394871 0.0836571
0.400447 0.0882008
0.406062 0.0930724
0.411715 0.0982992
0.417408 0.103911
0.42314 0.109939
0.428911 0.116417
0.434721 0.12338
0.44057 0.130864
0.446459 0.138907
0.452386 0.147545
0.458353 0.156813
0.464358 0.166745
0.470403 0.177366
0.476486 0.188697
0.482609 0.200742
0.488771 0.213493
0.494972 0.226917
0.501212 0.240954
0.507491 0.255507
0.51381 0.27044
0.520167 0.285565
0.526563 0.300643
0.532999 0.31538
0.539473 0.329433
0.545987 0.342417
0.55254 0.353927
0.559132 0.363561
0.565763 0.370949
0.572433 0.375788
0.579142 0.37787
0.58589 0.377106
0.592677 0.373533
0.599504 0.367311
0.606369 0.358707
0.613274 0.348066
0.620218 0.33578
0.6272 0.322256
0.634222 0.307888
0.641283 0.293037
0.648383 0.27802
0.655522 0.263097
0.6627 0.248476
0.669918 0.234315
0.677174 0.220727
0.684469 0.207786
0.691804 0.195535
0.699178 0.183994
0.70659 0.173163
0.714042 0.163027
0.721533 0.153564
0.729063 0.144742
0.736632 0.13653
0.74424 0.128889
0.751887 0.121784
0.759574 0.115178
0.767299 0.109036
0.775064 0.103323
0.782867 0.0980084
0.79071 0.0930609
0.798592 0.0884525
0.806512 0.0841572
0.814472 0.0801507
0.822471 0.0764107
0.83051 0.0729164
0.838587 0.0696492
0.846703 0.0665915
0.854858 0.0637274
0.863053 0.0610424
0.871286 0.0585231
0.879559 0.0561571
0.887871 0.0539334
0.896222 0.0518415
0.904612 0.049872
0.913041 0.0480162
0.921509 0.0462662
0.930016 0.0446147
0.938562 0.043055
0.947147 0.0415808
0.955772 0.0401865
0.964435 0.0388668
0.973138 0.0376169
0.98188 0.0364323
0.990661 0.035309
0.99948 0.0342431
1.00834 0.0332311
1.01724 0.0322697
1.02617 0.031356
1.03515 0.030487
1.04417 0.0296603
1.05322 0.0288735
1.06231 0.0281242
1.07145 0.0274104
1.08062 0.0267301
1.08983 0.0260816
1.09908 0.0254632
1.10837 0.0248733
1.1177 0.0243104
1.12706 0.0237732
1.13647 0.0232603
1.14591 0.0227707
1.1554 0.0223032
1.16492 0.0218566
1.17448 0.0214301
1.18409 0.0210227
1.19373 0.0206336
1.20341 0.0202619
1.21313 0.0199069
1.22288 0.0195678
1.23268 0.019244
1.24252 0.0189348
1.25239 0.0186397
1.26231 0.018358
1.27226 0.0180891
1.28225 0.0178327
1.29228 0.0175881
1.30236 0.017355
1.31246 0.0171328
1.32261 0.0169211
1.3328 0.0167195
1.34303 0.0165275
1.35329 0.0163448
1.3636 0.016171
1.37394 0.0160056
1.38433 0.0158483
1.39475 0.0156986
1.40521 0.0155562
1.41571 0.0154205
1.42625 0.0152913
1.43683 0.015168
1.44745 0.0150501
1.45811 0.0149371
1.4688 0.0148285
1.47954 0.0147237
1.49031 0.014622
1.50112 0.0145228
1.51198 0.0144254
1.52287 0.0143288
1.5338 0.0142323
1.54477 0.0141349
1.55578 0.0140355
1.56683 0.0139331
1.57791 0.0138265
1.58904 0.0137142
1.6002 0.0135951
1.61141 0.0134676
1.62265 0.0133303
1.63393 0.0131816
1.64526 0.0130199
1.65662 0.0128437
1.66802 0.0126514
1.67945 0.0124418
1.69093 0.0122134
1.70245 0.0119652
1.71401 0.0116964
1.7256 0.0114064
1.73723 0.0110952
1.74891 0.0107629
1.76062 0.0104104
1.77237 0.0100388
1.78416 0.00964979
1.79599 0.00924553
1.80786 0.00882856
1.81977 0.00840176
1.83172 0.00796828
1.8437 0.00753142
1.85573 0.00709454
1.86779 0.00666097
1.87989 0.00623384
1.89204 0.00581609
1.90422 0.00541033
1.91644 0.0050188
1.9287 0.00464337
1.941 0.00428549
1.95333 0.00394622
1.96571 0.00362623
1.97813 0.00332587
1.99058 0.00304516
2.00308 0.00278388
2.01561 0.00254156
2.02818 0.00231758
2.04079 0.00211118
2.05344 0.0019215
2.06613 0.00174761
2.07886 0.00158857
2.09163 0.00144338
2.10444 0.00131109
2.11728 0.00119074
2.13017 0.00108143
2.14309 0.00098226
2.15606 0.000892409
2.16906 0.00081109
2.1821 0.000737568
2.19518 0.000671158
2.2083 0.000611226
2.22146 0.000557186
2.23466 0.000508498
2.24789 0.000464667
2.26117 0.000425239
2.27448 0.000389801
2.28784 0.000357975
2.30123 0.000329415
2.31466 0.000303809
2.32813 0.000280873
2.34164 0.000260347
2.35519 0.000241998
2.36878 0.000225614
2.38241 0.000211002
2.39608 0.000197987
2.40978 0.000186413
2.42353 0.000176136
2.43731 0.000167027
2.45114 0.00015897
2.465 0.000151859
2.4789 0.000145599
2.49284 0.000140102
2.50682 0.000135292
2.52084 0.000131098
2.5349 0.000127456
2.54899 0.000124308
2.56313 0.000121602
2.5773 0.000119292
2.59152 0.000117335
2.60577 0.000115692
2.62006 0.000114329
2.63439 0.000113214
2.64876 0.00011232
2.66317 0.00011162
2.67762 0.000111092
2.69211 0.000110714
2.70664 0.000110469
2.7212 0.000110339
2.73581 0.00011031
2.75045 0.000110366
2.76513 0.000110497
2.77986 0.000110691
2.79462 0.000110937
2.80942 0.000111228
2.82426 0.000111555
2.83914 0.000111911
2.85405 0.000112289
2.86901 0.000112684
2.88401 0.000113091
2.89904 0.000113505
2.91411 0.000113922
2.92923 0.000114338
2.94438 0.000114751
2.95957 0.000115157
2.9748 0.000115554
2.99007 0.00011594
3.00538 0.000116314
3.02073 0.000116673
3.03611 0.000117016
3.05154 0.000117342
3.067 0.00011765
3.08251 0.000117939
3.09805 0.000118209
3.11363 0.000118459
3.12925 0.000118688
3.14491 0.000118897
3.16061 0.000119084
3.17635 0.000119251
3.19213 0.000119397
3.20795 0.000119521
3.2238 0.000119625
3.2397 0.000119707
3.25563 0.000119769
3.2716 0.000119811
3.28762 0.000119832
3.30367 0.000119834
3.31976 0.000119816
3.33589 0.000119779
3.35206 0.000119723
3.36826 0.000119649
3.38451 0.000119557
3.40079 0.000119447
3.41712 0.00011932
3.43348 0.000119176
3.44989 0.000119016
3.46633 0.00011884
3.48281 0.000118649
3.49933 0.000118443
3.51589 0.000118222
3.53249 0.000117988
3.54913 0.000117739
3.5658 0.000117478
3.58252 0.000117204
3.59927 0.000116917
3.61607 0.000116619
3.6329 0.000116309
3.64977 0.000115988
3.66668 0.000115656
3.68363 0.000115314
3.70062 0.000114962
3.71765 0.000114601
3.73472 0.00011423
3.75182 0.000113851
3.76897 0.000113463
3.78615 0.000113068
3.80338 0.000112664
3.82064 0.000112253
3.83794 0.000111836
3.85528 0.000111411
3.87266 0.00011098
3.89008 0.000110543
3.90754 0.0001101
3.92504 0.000109652
3.94258 0.000109198
3.96015 0.00010874
3.97777 0.000108277
3.99542 0.000107809
4.01311 0.000107337
4.03084 0.000106861
4.04862 0.000106381
4.06643 0.000105898
4.08427 0.000105412
4.10216 0.000104923
4.12009 0.000104431
4.13806 0.000103936
4.15606 0.000103438
4.17411 0.000102939
4.19219 0.000102437
4.21031 0.000101934
4.22848 0.000101429
4.24668 0.000100922
4.26492 0.000100414
4.2832 9.99045e-05
4.30151 9.93941e-05
4.31987 9.88828e-05
4.33827 9.83707e-05
4.3567 9.78579e-05
4.37518 9.73446e-05
4.39369 9.6831e-05
4.41224 9.63171e-05
4.43084 9.5803e-05
4.44947 9.52889e-05
4.46814 9.47749e-05
4.48685 9.4261e-05
4.50559 9.37475e-05
4.52438 9.32343e-05
4.54321 9.27216e-05
4.56207 9.22095e-05
4.58098 9.16981e-05
4.59992 9.11874e-05
4.6189 9.06776e-05
4.63793 9.01687e-05
4.65699 8.96607e-05
4.67609 8.91538e-05
4.69523 8.86481e-05
4.71441 8.81435e-05
4.73362 8.76402e-05
4.75288 8.71383e-05
4.77217 8.66377e-05
4.79151 8.61385e-05
4.81088 8.56409e-05
4.8303 8.51448e-05
4.84975 8.46503e-05
4.86924 8.41574e-05
4.88877 8.36663e-05
4.90834 8.31768e-05
4.92795 8.26892e-05
4.94759 8.22033e-05
4.96728 8.17194e-05
4.987 8.12373e-05
5.00677 8.07571e-05
5.02657 8.02789e-05
5.04641 7.98027e-05
5.0663 7.93285e-05
5.08622 7.88563e-05
5.10618 7.83862e-05
5.12618 7.79183e-05
5.14621 7.74524e-05
5.16629 7.69887e-05
5.18641 7.65271e-05
5.20656 7.60677e-05
5.22676 7.56106e-05
5.24699 7.51556e-05
5.26726 7.47029e-05
5.28758 7.42525e-05
5.30793 7.38043e-05
5.32832 7.33583e-05
5.34875 7.29147e-05
5.36921 7.24734e-05
5.38972 7.20344e-05
5.41027 7.15977e-05
5.43085 7.11633e-05
5.45148 7.07313e-05
5.47214 7.03016e-05
5.49284 6.98743e-05
5.51359 6.94493e-05
5.53437 6.90267e-05
5.55519 6.86064e-05
5.57604 6.81885e-05
5.59694 6.7773e-05
5.61788 6.73598e-05
5.63886 6.6949e-05
5.65987 6.65406e-05
5.68093 6.61346e-05
5.70202 6.57309e-05
5.72315 6.53296e-05
5.74432 6.49307e-05
5.76553 6.45341e-05
5.78678 6.41399e-05
5.80807 6.3748e-05
5.8294 6.33586e-05
5.85077 6.29714e-05
5.87217 6.25866e-05
5.89362 6.22042e-05
5.9151 6.18241e-05
5.93663 6.14464e-05
5.95819 6.10709e-05
5.97979 6.06978e-05
6.00143 6.0327e-05
6.02311 5.99586e-05
6.04483 5.95924e-05
6.06659 5.92285e-05
6.08839 5.88669e-05
6.11022 5.85076e-05
6.1321 5.81506e-05
6.15401 5.77958e-05
6.17597 5.74433e-05
6.19796 5.70931e-05
6.21999 5.6745e-05
6.24206 5.63993e-05
6.26417 5.60557e-05
6.28632 5.57143e-05
6.30851 5.53752e-05
6.33073 5.50383e-05
6.353 5.47035e-05
6.37531 5.43709e-05
6.39765 5.40405e-05
6.42003 5.37122e-05
6.44246 5.33861e-05
6.46492 5.30621e-05
6.48742 5.27402e-05
6.50996 5.24205e-05
6.53254 5.21028e-05
6.55516 5.17873e-05
6.57781 5.14738e-05
6.60051 5.11624e-05
6.62324 5.08531e-05
6.64602 5.05458e-05
6.66883 5.02405e-05
6.69168 4.99373e-05
6.71458 4.96361e-05
6.73751 4.93369e-05
6.76048 4.90397e-05
6.78348 4.87444e-05
6.80653 4.84512e-05
6.82962 4.81599e-05
6.85275 4.78705e-05
6.87591 4.75831e-05
6.89912 4.72976e-05
6.92236 4.7014e-05
6.94564 4.67323e-05
6.96896 4.64525e-05
6.99232 4.61746e-05
7.01572 4.58986e-05
7.03916 4.56244e-05
7.06264 4.53521e-05
7.08616 4.50815e-05
7.10971 4.48129e-05
7.13331 4.4546e-05
7.15694 4.42809e-05
7.18062 4.40176e-05
7.20433 4.37561e-05
7.22808 4.34964e-05
7.25187 4.32384e-05
7.2757 4.29821e-05
7.29957 4.27276e-05
7.32348 4.24748e-05
7.34742 4.22237e-05
7.37141 4.19743e-05
7.39543 4.17266e-05
7.4195 4.14806e-05
7.4436 4.12362e-05
7.46774 4.09935e-05
7.49193 4.07524e-05
7.51615 4.0513e-05
7.54041 4.02752e-05
7.5647 4.0039e-05
7.58904 3.98044e-05
7.61342 3.95713e-05
7.63783 3.93399e-05
7.66229 3.911e-05
7.68678 3.88817e-05
7.71132 3.86549e-05
7.73589 3.84296e-05
7.7605 3.82059e-05
7.78515 3.79837e-05
7.80984 3.7763e-05
7.83457 3.75437e-05
7.85934 3.7326e-05
7.88414 3.71097e-05
7.90899 3.68949e-05
7.93388 3.66816e-05
7.9588 3.64696e-05
7.98376 3.62591e-05
8.00877 3.60501e-05
8.03381 3.58424e-05
8.05889 3.56362e-05
8.08401 3.54313e-05
8.10917 3.52278e-05
8.13436 3.50257e-05
8.1596 3.48249e-05
8.18488 3.46255e-05
8.21019 3.44275e-05
8.23555 3.42307e-05
8.26094 3.40353e-05
8.28637 3.38412e-05
8.31184 3.36484e-05
8.33735 3.34569e-05
8.3629 3.32667e-05
8.38849 3.30778e-05
8.41412 3.28901e-05
8.43979 3.27037e-05
8.46549 3.25186e-05
8.49124 3.23346e-05
8.51702 3.21519e-05
8.54284 3.19705e-05
8.56871 3.17902e-05
8.59461 3.16112e-05
8.62055 3.14333e-05
8.64653 3.12566e-05
8.67255 3.10811e-05
8.6986 3.09068e-05
8.7247 3.07337e-05
8.75084 3.05617e-05
8.77701 3.03908e-05
8.80322 3.02211e-05
8.82948 3.00525e-05
8.85577 2.9885e-05
8.8821 2.97186e-05
8.90847 2.95534e-05
8.93488 2.93892e-05
8.96133 2.92261e-05
8.98782 2.90641e-05
9.01434 2.89032e-05
9.04091 2.87433e-05
9.06752 2.85845e-05
9.09416 2.84267e-05
9.12084 2.827e-05
9.14756 2.81143e-05
9.17433 2.79597e-05
9.20113 2.7806e-05
9.22797 2.76534e-05
9.25484 2.75018e-05
9.28176 2.73511e-05
9.30872 2.72015e-05
9.33571 2.70528e-05
9.36275 2.69051e-05
9.38982 2.67584e-05
9.41694 2.66126e-05
9.44409 2.64678e-05
9.47128 2.6324e-05
9.49851 2.6181e-05
9.52578 2.60391e-05
9.55309 2.5898e-05
9.58044 2.57578e-05
9.60782 2.56186e-05
9.63525 2.54803e-05
9.66271 2.53429e-05
9.69022 2.52063e-05
9.71776 2.50707e-05
9.74534 2.49359e-05
9.77296 2.4802e-05
9.80062 2.4669e-05
9.82832 2.45368e-05
9.85606 2.44055e-05
9.88384 2.4275e-05
9.91166 2.41454e-05
9.93951 2.40166e-05
9.96741 2.38886e-05
9.99534 2.37615e-05
10.0233 2.36352e-05
10.0513 2.35096e-05
10.0794 2.33849e-05
10.1075 2.3261e-05
10.1356 2.31379e-05
10.1638 2.30156e-05
10.192 2.28941e-05
10.2202 2.27733e-05
10.2485 2.26533e-05
10.2768 2.25341e-05
10.3052 2.24156e-05
10.3336 2.22979e-05
10.362 2.21809e-05
10.3905 2.20647e-05
10.419 2.19492e-05
10.4476 2.18345e-05
10.4762 2.17205e-05
10.5048 2.16072e-05
10.5335 2.14946e-05
10.5622 2.13827e-05
10.591 2.12715e-05
10.6198 2.11611e-05
10.6486 2.10513e-05
10.6775 2.09422e-05
10.7064 2.08338e-05
10.7353 2.07261e-05
10.7643 2.06191e-05
10.7934 2.05127e-05
10.8224 2.04071e-05
10.8515 2.0302e-05
10.8807 2.01976e-05
10.9099 2.00939e-05
10.9391 1.99909e-05
10.9684 1.98884e-05
10.9977 1.97866e-05
11.027 1.96855e-05
11.0564 1.9585e-05
11.0858 1.94851e-05
11.1153 1.93858e-05
11.1447 1.92871e-05
11.1743 1.91891e-05
11.2039 1.90916e-05
11.2335 1.89948e-05
11.2631 1.88985e-05
11.2928 1.88029e-05
11.3226 1.87078e-05
11.3523 1.86134e-05
11.3821 1.85195e-05
11.412 1.84262e-05
11.4419 1.83334e-05
11.4718 1.82413e-05
11.5018 1.81496e-05
11.5318 1.80586e-05
11.5618 1.79681e-05
11.5919 1.78782e-05
11.622 1.77888e-05
11.6522 1.77e-05
11.6824 1.76117e-05
11.7126 1.75239e-05
11.7429 1.74367e-05
11.7732 1.735e-05
11.8036 1.72639e-05
11.834 1.71782e-05
11.8644 1.70931e-05
11.8949 1.70085e-05
11.9254 1.69244e-05
11.956 1.68408e-05
11.9865 1.67577e-05
12.0172 1.66752e-05
12.0478 1.65931e-05
12.0786 1.65115e-05
12.1093 1.64304e-05
12.1401 1.63498e-05
12.1709 1.62697e-05
12.2018 1.619e-05
12.2327 1.61109e-05
12.2636 1.60322e-05
12.2946 1.5954e-05
12.3256 1.58762e-05
12.3567 1.57989e-05
12.3878 1.57221e-05
12.4189 1.56457e-05
12.4501 1.55698e-05
12.4813 1.54944e-05
12.5126 1.54193e-05
12.5439 1.53448e-05
12.5752 1.52707e-05
12.6066 1.5197e-05
12.638 1.51237e-05
12.6695 1.50509e-05
12.7009 1.49785e-05
12.7325 1.49066e-05
12.764 1.4835e-05
12.7957 1.47639e-05
12.8273 1.46932e-05
12.859 1.46229e-05
12.8907 1.45531e-05
12.9225 1.44836e-05
12.9543 1.44145e-05
12.9861 1.43459e-05
13.018 1.42777e-05
13.0499 1.42098e-05
13.0819 1.41424e-05
13.1139 1.40753e-05
13.1459 1.40086e-05
13.178 1.39424e-05
13.2101 1.38765e-05
13.2423 1.3811e-05
13.2745 1.37458e-05
13.3067 1.36811e-05
13.339 1.36167e-05
13.3713 1.35527e-05
13.4036 1.34891e-05
13.436 1.34258e-05
13.4685 1.33629e-05
13.5009 1.33003e-05
13.5334 1.32382e-05
13.566 1.31763e-05
13.5986 1.31149e-05
13.6312 1.30538e-05
13.6639 1.2993e-05
13.6966 1.29326e-05
13.7293 1.28725e-05
13.7621 1.28128e-05
13.7949 1.27534e-05
13.8278 1.26943e-05
13.8607 1.26356e-05
13.8936 1.25773e-05
13.9266 1.25192e-05
13.9596 1.24615e-05
13.9926 1.24041e-05
14.0257 1.23471e-05
14.0589 1.22903e-05
14.092 1.22339e-05
14.1252 1.21778e-05
14.1585 1.2122e-05
14.1918 1.20666e-05
14.2251 1.20114e-05
14.2585 1.19566e-05
14.2919 1.1902e-05
14.3253 1.18478e-05
14.3588 1.17939e-05
14.3923 1.17403e-05
14.4259 1.16869e-05
14.4595 1.16339e-05
14.4931 1.15812e-05
14.5268 1.15288e-05
14.5605 1.14766e-05
14.5943 1.14248e-05
14.6281 1.13732e-05
14.6619 1.13219e-05
14.6958 1.1271e-05
14.7297 1.12203e-05
14.7637 1.11698e-05
14.7977 1.11197e-05
14.8317 1.10698e-05
14.8658 1.10202e-05
14.8999 1.09709e-05
14.934 1.09219e-05
14.9682 1.08731e-05
15.0024 1.08246e-05
15.0367 1.07764e-05
15.071 1.07284e-05
15.1054 1.06807e-05
15.1397 1.06333e-05
15.1742 1.05861e-05
15.2086 1.05391e-05
15.2431 1.04925e-05
15.2777 1.04461e-05
15.3122 1.03999e-05
15.3469 1.0354e-05
15.3815 1.03083e-05
15.4162 1.02629e-05
15.451 1.02178e-05
15.4857 1.01728e-05
15.5205 1.01282e-05
15.5554 1.00837e-05
15.5903 1.00395e-05
15.6252 9.99559e-06
15.6602 9.95188e-06
15.6952 9.9084e-06
15.7302 9.86516e-06
15.7653 9.82215e-06
15.8005 9.77937e-06
15.8356 9.73683e-06
15.8708 9.69451e-06
15.9061 9.65242e-06
15.9414 9.61055e-06
15.9767 9.56891e-06
16.012 9.52749e-06
16.0474 9.4863e-06
16.0829 9.44532e-06
16.1184 9.40456e-06
16.1539 9.36402e-06
16.1894 9.3237e-06
16.225 9.28359e-06
16.2607 9.2437e-06
16.2963 9.20401e-06
16.332 9.16454e-06
16.3678 9.12528e-06
16.4036 9.08622e-06
16.4394 9.04737e-06
16.4753 9.00873e-06
16.5112 8.97029e-06
16.5471 8.93205e-06
16.5831 8.89402e-06
16.6191 8.85619e-06
16.6552 8.81855e-06
16.6913 8.78111e-06
16.7275 8.74387e-06
16.7636 8.70683e-06
16.7999 8.66998e-06
16.8361 8.63332e-06
16.8724 8.59685e-06
16.9088 8.56058e-06
16.9451 8.52449e-06
16.9815 8.4886e-06
17.018 8.45288e-06
17.0545 8.41736e-06
17.091 8.38202e-06
17.1276 8.34686e-06
17.1642 8.31189e-06
17.2009 8.2771e-06
17.2376 8.24249e-06
17.2743 8.20805e-06
17.3111 8.1738e-06
17.3479 8.13972e-06
17.3847 8.10582e-06
17.4216 8.07209e-06
17.4585 8.03854e-06
17.4955 8.00516e-06
17.5325 7.97195e-06
17.5695 7.93892e-06
17.6066 7.90605e-06
17.6437 7.87335e-06
17.6809 7.84082e-06
17.7181 7.80845e-06
17.7553 7.77625e-06
17.7926 7.74421e-06
17.8299 7.71234e-06
17.8673 7.68063e-06
17.9047 7.64908e-06
17.9421 7.6177e-06
17.9796 7.58647e-06
18.0171 7.5554e-06
18.0546 7.52449e-06
18.0922 7.49373e-06
18.1298 7.46313e-06
18.1675 7.43269e-06
18.2052 7.4024e-06
18.2429 7.37226e-06
18.2807 7.34228e-06
18.3186 7.31244e-06
18.3564 7.28276e-06
18.3943 7.25322e-06
18.4323 7.22384e-06
18.4702 7.1946e-06
18.5083 7.16551e-06
18.5463 7.13656e-06
18.5844 7.10776e-06
18.6225 7.0791e-06
18.6607 7.05059e-06
18.6989 7.02222e-06
18.7372 6.99399e-06
18.7755 6.9659e-06
18.8138 6.93795e-06
18.8522 6.91014e-06
18.8906 6.88247e-06
18.929 6.85494e-06
18.9675 6.82754e-06
19.0061 6.80028e-06
19.0446 6.77315e-06
19.0832 6.74616e-06
19.1219 6.7193e-06
19.1606 6.69257e-06
19.1993 6.66598e-06
19.238 6.63951e-06
19.2768 6.61318e-06
19.3157 6.58698e-06
19.3546 6.5609e-06
19.3935 6.53495e-06
19.4324 6.50913e-06
19.4714 6.48344e-06
19.5105 6.45787e-06
19.5495 6.43243e-06
19.5886 6.40711e-06
19.6278 6.38192e-06
19.667 6.35685e-06
19.7062 6.3319e-06
19.7455 6.30707e-06
19.7848 6.28237e-06
19.8241 6.25778e-06
19.8635 6.23331e-06
19.903 6.20896e-06
19.9424 6.18473e-06
19.9819 6.16062e-06
20.0215 6.13662e-06
20.0611 6.11274e-06
20.1007 6.08898e-06
20.1403 6.06533e-06
20.18 6.04179e-06
20.2198 6.01837e-06
20.2596 5.99506e-06
20.2994 5.97186e-06
20.3392 5.94877e-06
20.3791 5.9258e-06
20.4191 5.90293e-06
20.459 5.88018e-06
20.499 5.85753e-06
20.5391 5.83499e-06
20.5792 5.81256e-06
20.6193 5.79023e-06
20.6595 5.76802e-06
20.6997 5.7459e-06
20.7399 5.7239e-06
20.7802 5.702e-06
20.8205 5.6802e-06
20.8609 5.6585e-06
20.9013 5.63691e-06
20.9418 5.61542e-06
20.9822 5.59403e-06
21.0228 5.57275e-06
21.0633 5.55156e-06
21.1039 5.53048e-06
21.1445 5.50949e-06
21.1852 5.4886e-06
21.2259 5.46781e-06
21.2667 5.44712e-06
21.3075 5.42653e-06
21.3483 5.40603e-06
21.3892 5.38563e-06
21.4301 5.36532e-06
21.4711 5.34511e-06
21.512 5.325e-06
21.5531 5.30498e-06
21.5941 5.28505e-06
21.6352 5.26521e-06
21.6764 5.24547e-06
21.7176 5.22582e-06
21.7588 5.20626e-06
21.8001 5.18679e-06
21.8414 5.16741e-06
21.8827 5.14813e-06
21.9241 5.12893e-06
21.9655 5.10982e-06
22.007 5.0908e-06
22.0485 5.07186e-06
22.09 5.05302e-06
