0.316318 7.19907e-18
0.320994 1.62898e-16
0.325704 1.00752e-15
0.330449 3.70111e-15
0.335228 1.00691e-14
0.340041 2.30563e-14
0.344888 4.61952e-14
0.34977 8.43916e-14
0.354686 1.4479e-13
0.359637 2.32367e-13
0.364621 3.58299e-13
0.36964 5.31542e-13
0.374694 7.64341e-13
0.379781 1.07245e-12
0.384903 1.47245e-12
0.39006 1.97475e-12
0.39525 2.61738e-12
0.400475 3.39682e-12
0.405734 4.37162e-12
0.411028 5.48331e-12
0.416355 6.92484e-12
0.421718 8.4817e-12
0.427114 1.05428e-11
0.432545 1.28913e-11
0.43801 1.55539e-11
0.443509 1.86762e-11
0.449043 2.24117e-11
0.454611 2.64953e-11
0.460213 3.14395e-11
0.465849 3.68249e-11
0.47152 4.3258e-11
0.477225 5.00851e-11
0.482965 5.79416e-11
0.488739 6.70861e-11
0.494547 7.69737e-11
0.500389 8.85023e-11
0.506266 1.01024e-10
0.512177 1.14584e-10
0.518122 1.30889e-10
0.524102 1.4816e-10
0.530116 1.66974e-10
0.536164 1.89055e-10
0.542247 2.12905e-10
0.548363 2.39376e-10
0.554515 2.66336e-10
0.5607 2.97968e-10
0.56692 3.33121e-10
0.573174 3.72608e-10
0.579462 4.10895e-10
0.585785 4.57783e-10
0.592142 5.08581e-10
0.598533 5.62472e-10
0.604959 6.23404e-10
0.611419 6.87996e-10
0.617913 7.56526e-10
0.624442 8.31258e-10
0.631005 9.2087e-10
0.637602 1.01197e-09
0.644233 1.10749e-09
0.650899 1.21691e-09
0.657599 1.3253e-09
0.664334 1.4531e-09
0.671102 1.59327e-09
0.677905 1.74065e-09
0.684743 1.91114e-09
0.691614 2.08018e-09
0.69852 2.27485e-09
0.70546 2.48148e-09
0.712435 2.70429e-09
0.719444 2.94362e-09
0.726487 3.19012e-09
0.733565 3.47702e-09
0.740676 3.78999e-09
0.747822 4.13036e-09
0.755003 4.46125e-09
0.762218 4.84443e-09
0.769467 5.24884e-09
0.77675 5.73218e-09
0.784068 6.15151e-09
0.791419 6.6956e-09
0.798806 7.25201e-09
0.806226 7.84537e-09
0.813681 8.52358e-09
0.82117 9.21848e-09
0.828694 9.99667e-09
0.836252 1.07776e-08
0.843844 1.15943e-08
0.85147 1.25203e-08
0.859131 1.35265e-08
0.866826 1.45861e-08
0.874555 1.57301e-08
0.882319 1.69546e-08
0.890117 1.81684e-08
0.897949 1.96633e-08
0.905815 2.10916e-08
0.913716 2.27144e-08
0.921652 2.49467e-08
0.929621 2.68896e-08
0.937625 2.88806e-08
0.945663 3.1358e-08
0.953735 3.36803e-08
0.961842 3.63078e-08
0.969983 3.91742e-08
0.978158 4.19935e-08
0.986368 4.51552e-08
0.994612 4.87564e-08
1.00289 5.25996e-08
1.0112 5.66957e-08
1.01955 6.11356e-08
1.02793 6.54495e-08
1.03635 7.0935e-08
1.0448 7.58843e-08
1.05328 8.18633e-08
1.0618 8.83497e-08
1.07035 9.50621e-08
1.07894 1.02679e-07
1.08756 1.10129e-07
1.09622 1.18805e-07
1.10491 1.2751e-07
1.11363 1.37114e-07
1.12239 1.46465e-07
1.13118 1.58065e-07
1.14001 1.68777e-07
1.14887 1.82026e-07
1.15777 1.9433e-07
1.1667 2.09533e-07
1.17566 2.22322e-07
1.18466 2.39321e-07
1.19369 2.54439e-07
1.20276 2.71525e-07
1.21186 2.91684e-07
1.221 3.10765e-07
1.23017 3.29164e-07
1.23937 3.49992e-07
1.24861 3.74987e-07
1.25788 3.97837e-07
1.26719 4.2066e-07
1.27653 4.44462e-07
1.28591 4.73043e-07
1.29532 4.97309e-07
1.30476 5.27205e-07
1.31424 5.50123e-07
1.32376 5.81591e-07
1.3333 6.1076e-07
1.34289 6.38382e-07
1.3525 6.71074e-07
1.36215 7.02511e-07
1.37184 7.31014e-07
1.38156 7.6728e-07
1.39131 8.03011e-07
1.4011 8.34197e-07
1.41092 8.69982e-07
1.42078 9.05417e-07
1.43067 9.26576e-07
1.44059 9.69114e-07
1.45055 9.92408e-07
1.46054 1.04193e-06
1.47057 1.06197e-06
1.48064 1.09763e-06
1.49073 1.12116e-06
1.50086 1.1562e-06
1.51103 1.18598e-06
1.52123 1.20636e-06
1.53146 1.23803e-06
1.54173 1.25352e-06
1.55203 1.30229e-06
1.56237 1.32323e-06
1.57274 1.35096e-06
1.58314 1.37213e-06
1.59358 1.38148e-06
1.60406 1.40629e-06
1.61457 1.42673e-06
1.62511 1.44166e-06
1.63569 1.45722e-06
1.6463 1.48491e-06
1.65694 1.49787e-06
1.66762 1.50677e-06
1.67834 1.52788e-06
1.68908 1.53688e-06
1.69987 1.54422e-06
1.71068 1.5446e-06
1.72154 1.55881e-06
1.73242 1.55415e-06
1.74334 1.58824e-06
1.7543 1.58417e-06
1.76528 1.5894e-06
1.77631 1.59807e-06
1.78736 1.59054e-06
1.79846 1.57627e-06
1.80958 1.5991e-06
1.82074 1.60335e-06
1.83194 1.60013e-06
1.84316 1.60435e-06
1.85443 1.59829e-06
1.86572 1.58292e-06
1.87706 1.60307e-06
1.88842 1.59256e-06
1.89982 1.596e-06
1.91126 1.59474e-06
1.92273 1.58176e-06
1.93423 1.58685e-06
1.94577 1.57939e-06
1.95734 1.58239e-06
1.96894 1.56453e-06
1.98059 1.55329e-06
1.99226 1.55741e-06
2.00397 1.55175e-06
2.01571 1.54657e-06
2.02749 1.53895e-06
2.0393 1.53425e-06
2.05115 1.51348e-06
2.06303 1.5178e-06
2.07494 1.51662e-06
2.08689 1.51038e-06
2.09888 1.50549e-06
2.11089 1.49756e-06
2.12295 1.49142e-06
2.13503 1.48e-06
2.14715 1.479e-06
2.15931 1.46141e-06
2.1715 1.46841e-06
2.18372 1.46073e-06
2.19598 1.44029e-06
2.20827 1.4334e-06
2.2206 1.42661e-06
2.23296 1.42215e-06
2.24535 1.41829e-06
2.25778 1.40559e-06
2.27025 1.39237e-06
2.28275 1.40099e-06
2.29528 1.38388e-06
2.30784 1.37618e-06
2.32045 1.36649e-06
2.33308 1.36423e-06
2.34575 1.35441e-06
2.35845 1.35224e-06
2.37119 1.33885e-06
2.38396 1.32269e-06
2.39677 1.32522e-06
2.40961 1.31443e-06
2.42249 1.30103e-06
2.4354 1.29731e-06
2.44834 1.28773e-06
2.46132 1.28168e-06
2.47433 1.27944e-06
2.48738 1.26783e-06
2.50046 1.26568e-06
2.51358 1.24964e-06
2.52673 1.23512e-06
2.53991 1.24451e-06
2.55313 1.22805e-06
2.56638 1.21694e-06
2.57967 1.21924e-06
2.59299 1.20203e-06
2.60635 1.19682e-06
2.61974 1.19503e-06
2.63316 1.18616e-06
2.64662 1.17652e-06
2.66011 1.16351e-06
2.67364 1.15015e-06
2.6872 1.14649e-06
2.7008 1.14768e-06
2.71443 1.13544e-06
2.72809 1.11986e-06
2.74179 1.1282e-06
2.75553 1.10998e-06
2.76929 1.09915e-06
2.78309 1.09603e-06
2.79693 1.08433e-06
2.8108 1.07675e-06
2.82471 1.0696e-06
2.83864 1.06451e-06
2.85262 1.06098e-06
2.86663 1.05527e-06
2.88067 1.04022e-06
2.89474 1.0364e-06
2.90885 1.03367e-06
2.923 1.02117e-06
2.93718 1.01229e-06
2.95139 1.00608e-06
2.96564 9.9718e-07
2.97992 9.87337e-07
2.99424 9.88614e-07
3.00859 9.78554e-07
3.02297 9.64424e-07
3.03739 9.63426e-07
3.05185 9.54237e-07
3.06633 9.40399e-07
3.08086 9.40382e-07
3.09541 9.30265e-07
3.11 9.18887e-07
3.12463 9.21709e-07
3.13929 9.12834e-07
3.15398 9.00276e-07
3.16871 8.9875e-07
3.18347 8.87009e-07
3.19827 8.83848e-07
3.2131 8.64962e-07
3.22797 8.63765e-07
3.24287 8.60751e-07
3.2578 8.52268e-07
3.27277 8.46886e-07
3.28777 8.38793e-07
3.30281 8.28097e-07
3.31788 8.27477e-07
3.33298 8.16414e-07
3.34812 8.18142e-07
3.3633 8.08237e-07
3.37851 8.01616e-07
3.39375 7.96167e-07
3.40903 7.86665e-07
3.42434 7.86057e-07
3.43968 7.72289e-07
3.45506 7.67172e-07
3.47048 7.59734e-07
3.48593 7.51638e-07
3.50141 7.48586e-07
3.51693 7.46398e-07
3.53248 7.38594e-07
3.54806 7.30528e-07
3.56368 7.25617e-07
3.57934 7.16915e-07
3.59503 7.05893e-07
3.61075 7.03349e-07
3.62651 6.94003e-07
3.6423 6.91405e-07
3.65812 6.8738e-07
3.67398 6.77039e-07
3.68988 6.73109e-07
3.70581 6.70318e-07
3.72177 6.60137e-07
3.73777 6.55777e-07
3.7538 6.51913e-07
3.76987 6.46875e-07
3.78597 6.38665e-07
3.8021 6.34678e-07
3.81827 6.30238e-07
3.83447 6.24163e-07
3.85071 6.15642e-07
3.86698 6.13113e-07
3.88329 6.07364e-07
3.89963 6.02115e-07
3.91601 5.95026e-07
3.93241 5.85516e-07
3.94886 5.85311e-07
3.96534 5.78424e-07
3.98185 5.73838e-07
3.99839 5.6577e-07
4.01498 5.66472e-07
4.03159 5.58326e-07
4.04824 5.57277e-07
4.06492 5.53945e-07
4.08164 5.46166e-07
4.09839 5.40581e-07
4.11518 5.35984e-07
4.132 5.31414e-07
4.14886 5.28787e-07
4.16575 5.20519e-07
4.18267 5.17721e-07
4.19963 5.12026e-07
4.21662 5.0755e-07
4.23365 5.04251e-07
4.25071 4.99017e-07
4.2678 4.93906e-07
4.28493 4.92571e-07
4.3021 4.85769e-07
4.31929 4.82084e-07
4.33653 4.76127e-07
4.35379 4.73916e-07
4.3711 4.65189e-07
4.38843 4.62655e-07
4.4058 4.58626e-07
4.4232 4.56742e-07
4.44064 4.51946e-07
4.45812 4.48066e-07
4.47562 4.43229e-07
4.49316 4.40407e-07
4.51074 4.35451e-07
4.52835 4.33835e-07
4.54599 4.28502e-07
4.56367 4.27711e-07
4.58139 4.22449e-07
4.59913 4.16289e-07
4.61691 4.12458e-07
4.63473 4.09798e-07
4.65258 4.04465e-07
4.67046 4.03693e-07
4.68838 4.01591e-07
4.70634 3.94421e-07
4.72432 3.92858e-07
4.74234 3.90425e-07
4.7604 3.84218e-07
4.77849 3.83707e-07
4.79662 3.77305e-07
4.81477 3.74049e-07
4.83297 3.73032e-07
4.85119 3.70873e-07
4.86946 3.65877e-07
4.88775 3.60965e-07
4.90608 3.59391e-07
4.92445 3.56834e-07
4.94285 3.52915e-07
4.96128 3.49079e-07
4.97975 3.46548e-07
4.99825 3.43786e-07
5.01679 3.42627e-07
5.03536 3.36477e-07
5.05396 3.35681e-07
5.0726 3.31496e-07
5.09127 3.30756e-07
5.10998 3.25068e-07
5.12872 3.22171e-07
5.1475 3.19702e-07
5.16631 3.17447e-07
5.18516 3.17245e-07
5.20404 3.10879e-07
5.22295 3.09233e-07
5.2419 3.05958e-07
5.26088 3.02522e-07
5.2799 3.02429e-07
5.29895 3.00268e-07
5.31803 2.94819e-07
5.33715 2.94538e-07
5.35631 2.91468e-07
5.37549 2.87394e-07
5.39472 2.8769e-07
5.41397 2.85039e-07
5.43326 2.82308e-07
5.45259 2.80315e-07
5.47195 2.76735e-07
5.49134 2.73284e-07
5.51077 2.7218e-07
5.53023 2.69353e-07
5.54973 2.67974e-07
5.56926 2.64673e-07
5.58883 2.63885e-07
5.60843 2.59963e-07
5.62806 2.58673e-07
5.64773 2.56842e-07
5.66743 2.54273e-07
5.68717 2.52212e-07
5.70694 2.49901e-07
5.72675 2.4823e-07
5.74659 2.45413e-07
5.76646 2.4329e-07
5.78637 2.42055e-07
5.80631 2.39136e-07
5.82629 2.37559e-07
5.8463 2.35833e-07
5.86635 2.32903e-07
5.88643 2.32247e-07
5.90654 2.30434e-07
5.92669 2.26714e-07
5.94687 2.25423e-07
5.96709 2.24059e-07
5.98734 2.22639e-07
6.00763 2.21647e-07
6.02795 2.18257e-07
6.0483 2.16201e-07
6.06869 2.17165e-07
6.08911 2.12871e-07
6.10957 2.12789e-07
6.13006 2.10249e-07
6.15059 2.07486e-07
6.17115 2.06114e-07
6.19174 2.0553e-07
6.21237 2.03504e-07
6.23304 2.03919e-07
6.25373 2.0052e-07
6.27447 1.98511e-07
6.29523 1.96957e-07
6.31603 1.95533e-07
6.33687 1.93127e-07
6.35774 1.92376e-07
6.37864 1.89914e-07
6.39958 1.89937e-07
6.42055 1.87526e-07
6.44156 1.86249e-07
6.4626 1.85268e-07
6.48367 1.8352e-07
6.50478 1.81069e-07
6.52593 1.80362e-07
6.5471 1.78866e-07
6.56832 1.77981e-07
6.58956 1.76615e-07
6.61084 1.74734e-07
6.63216 1.739e-07
6.65351 1.7138e-07
6.67489 1.70028e-07
6.69631 1.70592e-07
6.71776 1.67821e-07
6.73925 1.66952e-07
6.76077 1.65265e-07
6.78232 1.65081e-07
6.80391 1.62978e-07
6.82554 1.6019e-07
6.8472 1.607e-07
6.86889 1.59909e-07
6.89062 1.58514e-07
6.91238 1.56119e-07
6.93417 1.54733e-07
6.956 1.54238e-07
6.97787 1.52953e-07
6.99976 1.50419e-07
7.0217 1.50671e-07
7.04366 1.50962e-07
7.06567 1.48591e-07
7.0877 1.48082e-07
7.10977 1.47547e-07
7.13188 1.4487e-07
7.15401 1.4377e-07
7.17619 1.42852e-07
7.19839 1.42179e-07
7.22064 1.39838e-07
7.24291 1.39281e-07
7.26522 1.38423e-07
7.28757 1.37151e-07
7.30994 1.36539e-07
7.33236 1.34069e-07
7.35481 1.34213e-07
7.37729 1.33093e-07
7.3998 1.32277e-07
7.42235 1.312e-07
7.44494 1.30245e-07
7.46756 1.31337e-07
7.49021 1.28283e-07
7.5129 1.28245e-07
7.53562 1.26389e-07
7.55837 1.2613e-07
7.58117 1.25434e-07
7.60399 1.24902e-07
7.62685 1.23214e-07
7.64974 1.21821e-07
7.67267 1.20494e-07
7.69563 1.20484e-07
7.71863 1.18509e-07
7.74166 1.18341e-07
7.76472 1.17118e-07
7.78782 1.1739e-07
7.81096 1.16261e-07
7.83412 1.14512e-07
7.85733 1.13806e-07
7.88056 1.12908e-07
7.90383 1.12316e-07
7.92714 1.11343e-07
7.95048 1.11252e-07
7.97385 1.09974e-07
7.99726 1.10105e-07
8.0207 1.09301e-07
8.04418 1.0834e-07
8.06769 1.07533e-07
8.09123 1.06728e-07
8.11481 1.05024e-07
8.13843 1.05205e-07
8.16208 1.0366e-07
8.18576 1.02602e-07
8.20947 1.01768e-07
8.23323 1.02369e-07
8.25701 1.02354e-07
8.28083 1.00138e-07
8.30468 9.95804e-08
8.32857 9.81804e-08
8.3525 9.92804e-08
8.37645 9.74505e-08
8.40044 9.72925e-08
8.42447 9.66838e-08
8.44853 9.55308e-08
8.47262 9.5941e-08
8.49675 9.45014e-08
8.52091 9.40672e-08
8.54511 9.21685e-08
8.56934 9.26764e-08
8.59361 9.24271e-08
8.61791 9.20247e-08
8.64224 9.08183e-08
8.66661 8.95995e-08
8.69101 8.94743e-08
8.71545 8.92e-08
8.73992 8.81173e-08
8.76443 8.774e-08
8.78897 8.69386e-08
8.81354 8.65762e-08
8.83815 8.63592e-08
8.86279 8.53409e-08
8.88747 8.5191e-08
8.91218 8.49998e-08
8.93693 8.43577e-08
8.96171 8.31244e-08
8.98652 8.2628e-08
9.01137 8.1818e-08
9.03626 8.0916e-08
9.06117 8.11514e-08
9.08612 8.03391e-08
9.11111 7.96774e-08
9.13613 7.96642e-08
9.16119 7.82964e-08
9.18628 7.85461e-08
9.2114 7.83437e-08
9.23656 7.70027e-08
9.26175 7.67823e-08
9.28697 7.58793e-08
9.31223 7.68723e-08
9.33753 7.53757e-08
9.36286 7.48392e-08
9.38822 7.48573e-08
9.41362 7.44782e-08
9.43905 7.34185e-08
9.46452 7.25048e-08
9.49002 7.29591e-08
9.51555 7.19576e-08
9.54112 7.16766e-08
9.56673 7.10706e-08
9.59237 7.1051e-08
9.61804 6.97368e-08
9.64374 6.95802e-08
9.66948 6.93977e-08
9.69526 6.81422e-08
9.72107 6.79609e-08
9.74691 6.819e-08
9.77279 6.75237e-08
9.7987 6.72931e-08
9.82465 6.63433e-08
9.85063 6.62468e-08
9.87665 6.61597e-08
9.9027 6.50604e-08
9.92878 6.55515e-08
9.9549 6.44832e-08
9.98105 6.44354e-08
10.0072 6.36234e-08
10.0335 6.36917e-08
10.0597 6.31048e-08
10.086 6.1926e-08
10.1123 6.22618e-08
10.1387 6.21521e-08
10.1651 6.14971e-08
10.1915 6.1041e-08
10.218 6.12662e-08
10.2445 6.07819e-08
10.271 5.99478e-08
10.2976 6.01972e-08
10.3242 5.91533e-08
10.3508 5.82156e-08
10.3775 5.88265e-08
10.4042 5.82424e-08
10.4309 5.7538e-08
10.4577 5.7588e-08
10.4845 5.75093e-08
10.5113 5.68548e-08
10.5382 5.5746e-08
10.5651 5.63935e-08
10.592 5.61061e-08
10.619 5.43394e-08
10.646 5.50703e-08
10.6731 5.40856e-08
10.7001 5.42627e-08
10.7273 5.43028e-08
10.7544 5.33649e-08
10.7816 5.39504e-08
10.8088 5.26664e-08
10.836 5.27495e-08
10.8633 5.22525e-08
10.8907 5.2308e-08
10.918 5.17695e-08
10.9454 5.16464e-08
10.9728 5.06125e-08
11.0003 5.11472e-08
11.0278 5.0815e-08
11.0553 5.02187e-08
11.0828 5.04774e-08
11.1104 4.99385e-08
11.1381 4.97828e-08
11.1657 4.898e-08
11.1934 4.85538e-08
11.2212 4.84174e-08
11.2489 4.81936e-08
11.2767 4.78341e-08
11.3046 4.78204e-08
11.3324 4.84039e-08
11.3603 4.699e-08
11.3883 4.70037e-08
11.4162 4.6084e-08
11.4442 4.68603e-08
11.4723 4.58078e-08
11.5003 4.50762e-08
11.5285 4.59093e-08
11.5566 4.56271e-08
11.5848 4.51797e-08
11.613 4.45006e-08
11.6412 4.446e-08
11.6695 4.43665e-08
11.6978 4.43817e-08
11.7262 4.34288e-08
11.7546 4.39191e-08
11.783 4.35491e-08
11.8114 4.26392e-08
11.8399 4.21834e-08
11.8684 4.23594e-08
11.897 4.26823e-08
11.9256 4.18881e-08
11.9542 4.20111e-08
11.9829 4.16087e-08
12.0115 4.10639e-08
12.0403 4.07975e-08
12.069 4.13128e-08
12.0978 4.12359e-08
12.1267 4.04959e-08
12.1555 4.02556e-08
12.1844 3.98056e-08
12.2133 3.96244e-08
12.2423 3.93868e-08
12.2713 3.95298e-08
12.3003 3.93322e-08
12.3294 3.87356e-08
12.3585 3.8741e-08
12.3877 3.883e-08
12.4168 3.83377e-08
12.446 3.78554e-08
12.4753 3.77261e-08
12.5045 3.79587e-08
12.5339 3.7748e-08
12.5632 3.73518e-08
12.5926 3.70603e-08
12.622 3.6861e-08
12.6514 3.64469e-08
12.6809 3.65825e-08
12.7104 3.70054e-08
12.74 3.63465e-08
12.7696 3.5874e-08
12.7992 3.56733e-08
12.8288 3.55283e-08
12.8585 3.53461e-08
12.8882 3.49046e-08
12.918 3.51978e-08
12.9478 3.46397e-08
12.9776 3.45194e-08
13.0075 3.46155e-08
13.0374 3.42131e-08
13.0673 3.41944e-08
13.0972 3.37391e-08
13.1272 3.33876e-08
13.1573 3.33862e-08
13.1873 3.32569e-08
13.2174 3.3078e-08
13.2476 3.27531e-08
13.2777 3.2924e-08
13.3079 3.22364e-08
13.3382 3.19383e-08
13.3684 3.24064e-08
13.3987 3.21024e-08
13.4291 3.17995e-08
13.4594 3.20795e-08
13.4899 3.12483e-08
13.5203 3.08892e-08
13.5508 3.11789e-08
13.5813 3.0775e-08
13.6118 3.08039e-08
13.6424 3.04356e-08
13.673 3.06826e-08
13.7037 3.04736e-08
13.7343 3.03034e-08
13.7651 3.04898e-08
13.7958 3.02456e-08
13.8266 2.96974e-08
13.8574 2.98775e-08
13.8883 2.94736e-08
13.9191 2.98008e-08
13.9501 2.882e-08
13.981 2.92777e-08
14.012 2.87833e-08
14.043 2.87166e-08
14.0741 2.87493e-08
14.1052 2.801e-08
14.1363 2.84295e-08
14.1675 2.80705e-08
14.1987 2.7951e-08
14.2299 2.77894e-08
14.2612 2.74826e-08
14.2925 2.71438e-08
14.3238 2.78061e-08
14.3552 2.69397e-08
14.3866 2.72785e-08
14.418 2.72379e-08
14.4495 2.64696e-08
14.481 2.68194e-08
14.5125 2.64693e-08
14.5441 2.63791e-08
14.5757 2.63355e-08
14.6073 2.64454e-08
14.639 2.62438e-08
14.6707 2.62378e-08
14.7025 2.62186e-08
14.7343 2.58843e-08
14.7661 2.5212e-08
14.7979 2.56069e-08
14.8298 2.51687e-08
14.8617 2.51706e-08
14.8937 2.51985e-08
14.9256 2.50271e-08
14.9577 2.42866e-08
14.9897 2.46806e-08
15.0218 2.50067e-08
15.0539 2.47277e-08
15.0861 2.4349e-08
15.1183 2.43575e-08
15.1505 2.37741e-08
15.1828 2.41297e-08
15.2151 2.39803e-08
15.2474 2.37102e-08
15.2797 2.36812e-08
15.3121 2.37244e-08
15.3446 2.3173e-08
15.377 2.35442e-08
15.4095 2.31069e-08
15.4421 2.33151e-08
15.4746 2.28693e-08
15.5072 2.28352e-08
15.5399 2.2848e-08
15.5725 2.26354e-08
15.6053 2.29354e-08
15.638 2.25249e-08
15.6708 2.23268e-08
15.7036 2.23092e-08
15.7364 2.22669e-08
15.7693 2.17545e-08
15.8022 2.16805e-08
15.8352 2.14053e-08
15.8681 2.19603e-08
15.9011 2.15841e-08
15.9342 2.16376e-08
15.9673 2.13494e-08
16.0004 2.11106e-08
16.0335 2.10829e-08
16.0667 2.12649e-08
16.1 2.08749e-08
16.1332 2.11001e-08
16.1665 2.06304e-08
16.1998 2.06935e-08
16.2332 2.0872e-08
16.2666 2.05447e-08
16.3 2.02086e-08
16.3335 2.0438e-08
16.3669 2.02879e-08
16.4005 1.99613e-08
16.434 2.01851e-08
16.4676 1.99287e-08
16.5013 1.98611e-08
16.5349 1.97038e-08
16.5686 1.94822e-08
16.6024 1.94991e-08
16.6361 1.93781e-08
16.6699 1.90919e-08
16.7038 1.95009e-08
16.7376 1.92815e-08
16.7716 1.9186e-08
16.8055 1.9659e-08
16.8395 1.87163e-08
16.8735 1.90859e-08
16.9075 1.84613e-08
16.9416 1.87554e-08
16.9757 1.86961e-08
17.0099 1.87371e-08
17.044 1.81658e-08
17.0783 1.83658e-08
17.1125 1.79573e-08
17.1468 1.78294e-08
17.1811 1.8141e-08
17.2155 1.80028e-08
17.2498 1.78993e-08
17.2843 1.77866e-08
17.3187 1.79662e-08
17.3532 1.79821e-08
17.3877 1.77466e-08
17.4223 1.78394e-08
17.4569 1.75834e-08
17.4915 1.7215e-08
17.5262 1.75621e-08
17.5609 1.73771e-08
17.5956 1.7353e-08
17.6304 1.69683e-08
17.6652 1.68112e-08
17.7 1.68149e-08
17.7349 1.66121e-08
17.7698 1.67651e-08
17.8047 1.64378e-08
17.8397 1.66783e-08
17.8747 1.64281e-08
17.9097 1.65466e-08
17.9448 1.67787e-08
17.9799 1.64138e-08
18.015 1.61458e-08
18.0502 1.60305e-08
18.0854 1.60789e-08
18.1207 1.63165e-08
18.1559 1.59209e-08
18.1912 1.56443e-08
18.2266 1.57675e-08
18.262 1.58521e-08
18.2974 1.58105e-08
18.3328 1.5426e-08
18.3683 1.57043e-08
18.4038 1.53428e-08
18.4394 1.57313e-08
18.475 1.5175e-08
18.5106 1.52062e-08
18.5463 1.50502e-08
18.5819 1.52931e-08
18.6177 1.53206e-08
18.6534 1.49349e-08
18.6892 1.47298e-08
18.7251 1.48651e-08
18.7609 1.49843e-08
18.7968 1.49766e-08
18.8327 1.47493e-08
18.8687 1.46448e-08
18.9047 1.49079e-08
18.9407 1.44633e-08
18.9768 1.45184e-08
19.0129 1.44182e-08
19.049 1.4412e-08
19.0852 1.43461e-08
19.1214 1.44958e-08
19.1577 1.45196e-08
19.1939 1.4044e-08
19.2302 1.4067e-08
19.2666 1.42839e-08
19.303 1.4193e-08
19.3394 1.41012e-08
19.3758 1.40791e-08
19.4123 1.35511e-08
19.4488 1.36479e-08
19.4853 1.37576e-08
19.5219 1.38956e-08
19.5585 1.33593e-08
19.5952 1.31845e-08
19.6319 1.35785e-08
19.6686 1.32478e-08
19.7054 1.32897e-08
19.7421 1.29531e-08
19.779 1.34066e-08
19.8158 1.29359e-08
19.8527 1.29835e-08
19.8896 1.28873e-08
19.9266 1.28247e-08
19.9636 1.28385e-08
20.0006 1.27789e-08
20.0377 1.2418e-08
20.0748 1.28858e-08
20.1119 1.25406e-08
20.1491 1.25853e-08
20.1863 1.22869e-08
20.2235 1.27302e-08
20.2608 1.2415e-08
20.2981 1.25159e-08
20.3354 1.21812e-08
20.3728 1.25939e-08
20.4102 1.26005e-08
20.4476 1.21175e-08
20.4851 1.20699e-08
20.5226 1.23458e-08
20.5602 1.2073e-08
20.5977 1.21466e-08
20.6353 1.22204e-08
20.673 1.2097e-08
20.7107 1.19788e-08
20.7484 1.17423e-08
20.7861 1.20223e-08
20.8239 1.18154e-08
20.8617 1.18641e-08
20.8996 1.19811e-08
20.9375 1.14824e-08
20.9754 1.14924e-08
21.0133 1.15925e-08
21.0513 1.15172e-08
21.0894 1.1455e-08
21.1274 1.14004e-08
21.1655 1.12195e-08
21.2036 1.12464e-08
21.2418 1.11438e-08
21.28 1.11205e-08
21.3182 1.11264e-08
21.3565 1.10204e-08
21.3948 1.0959e-08
21.4331 1.09437e-08
21.4715 1.10427e-08
21.5099 1.06842e-08
21.5483 1.05596e-08
21.5868 1.07092e-08
21.6253 1.09014e-08
21.6638 1.08032e-08
21.7024 1.07755e-08
21.741 1.06459e-08
21.7796 1.04098e-08
21.8183 1.0513e-08
21.857 1.0487e-08
21.8958 1.06052e-08
21.9345 1.0357e-08
21.9734 1.06106e-08
22.0122 1.02402e-08
22.0511 1.04072e-08
22.09 1.0537e-08
