0.126985 0.0053169
0.187972 0.0132893
0.260882 0.0261001
0.345714 0.0535511
0.442469 0.1334
0.551146 0.351627
0.671745 0.230828
0.804267 0.0853426
0.948711 0.0413218
1.10508 0.0250788
1.27337 0.0180601
1.45358 0.0149845
1.64571 0.0130131
1.84977 0.00731075
2.06574 0.00175274
2.29364 0.000345202
2.53347 0.000127802
2.78521 0.000110775
3.04888 0.000117287
3.32447 0.000119807
3.61198 0.000116692
3.91141 0.000110001
4.22277 0.000101587
4.54605 9.26444e-05
4.88125 8.3855e-05
5.22837 7.55741e-05
5.58742 6.79619e-05
5.95839 6.10675e-05
6.34128 5.48794e-05
6.73609 4.93552e-05
7.14283 4.44389e-05
7.56148 4.00701e-05
7.99206 3.61895e-05
8.43457 3.27415e-05
8.88899 2.96753e-05
9.35534 2.69455e-05
9.83361 2.45117e-05
10.3238 2.23384e-05
10.8259 2.03944e-05
11.3399 1.86525e-05
11.8659 1.70889e-05
12.4038 1.56828e-05
12.9536 1.4416e-05
13.5153 1.32728e-05
14.089 1.22391e-05
14.6745 1.13029e-05
15.272 1.04536e-05
15.8814 9.6818e-06
16.5028 8.97927e-06
17.136 8.33878e-06
17.7812 7.75396e-06
18.4383 7.21916e-06
19.1074 6.72937e-06
19.7883 6.28017e-06
20.4812 5.86762e-06
21.186 5.48822e-06
21.9027 5.13884e-06
22.6313 4.8167e-06
23.3719 4.5193e-06
24.1244 4.24441e-06
24.8888 3.99003e-06
25.6651 3.75435e-06
26.4533 3.53577e-06
27.2535 3.33281e-06
28.0656 3.14416e-06
28.8896 2.96863e-06
29.7256 2.80515e-06
30.5734 2.65274e-06
31.4332 2.51052e-06
32.3049 2.37768e-06
33.1886 2.25349e-06
34.0841 2.13729e-06
34.9916 2.02847e-06
35.911 1.92647e-06
36.8423 1.8308e-06
37.7855 1.74097e-06
38.7407 1.65659e-06
39.7078 1.57724e-06
40.6868 1.50258e-06
41.6777 1.43228e-06
42.6806 1.36604e-06
43.6953 1.30358e-06
44.722 1.24464e-06
45.7607 1.189e-06
46.8112 1.13642e-06
47.8737 1.08671e-06
48.948 1.0397e-06
50.0344 9.95188e-07
51.1326 9.53035e-07
52.2427 9.13088e-07
53.3648 8.75211e-07
54.4988 8.39275e-07
55.6447 8.05163e-07
56.8026 7.72766e-07
57.9723 7.4198e-07
59.154 7.12711e-07
60.3476 6.84869e-07
61.5532 6.58373e-07
62.7706 6.33145e-07
64 6.09113e-07
