0.544454 2.33485e-17
0.605118 1.70337e-15
0.668984 2.26703e-14
0.736054 1.52577e-13
0.806328 7.18374e-13
0.879805 2.67754e-12
0.956485 8.67369e-12
1.03637 2.50428e-11
1.11946 6.63801e-11
1.20575 1.63758e-10
1.29524 3.74357e-10
1.38794 7.85442e-10
1.48384 1.50397e-09
1.58294 2.61323e-09
1.68525 4.13974e-09
1.79076 6.05036e-09
1.89948 8.29763e-09
2.0114 1.08228e-08
2.12652 1.35462e-08
2.24484 1.64552e-08
2.36637 1.95092e-08
2.4911 2.25157e-08
2.61904 2.55609e-08
2.75018 2.84612e-08
2.88452 3.11691e-08
3.02207 3.3846e-08
3.16282 3.60985e-08
3.30677 3.82033e-08
3.45392 4.01075e-08
3.60428 4.16584e-08
3.75785 4.30235e-08
3.91461 4.37931e-08
4.07458 4.43255e-08
4.23776 4.44023e-08
4.40413 4.42095e-08
4.57371 4.38286e-08
4.7465 4.27882e-08
4.92248 4.16247e-08
5.10167 4.02306e-08
5.28407 3.86139e-08
5.46967 3.70727e-08
5.65847 3.53826e-08
5.85047 3.35942e-08
6.04568 3.1698e-08
6.24409 2.99645e-08
6.4457 2.8171e-08
6.65052 2.64565e-08
6.85854 2.48726e-08
7.06977 2.33993e-08
7.2842 2.18704e-08
7.50183 2.05134e-08
7.72266 1.92448e-08
7.9467 1.79703e-08
8.17394 1.68499e-08
8.40439 1.57821e-08
8.63804 1.48295e-08
8.87489 1.38681e-08
9.11495 1.30288e-08
9.35821 1.22359e-08
9.60467 1.1475e-08
9.85433 1.07801e-08
10.1072 1.011e-08
10.3633 9.48583e-09
10.6226 8.94565e-09
10.885 8.4146e-09
11.1507 7.93644e-09
11.4196 7.48575e-09
11.6917 7.0541e-09
11.967 6.65771e-09
12.2455 6.27658e-09
12.5272 5.92714e-09
12.8121 5.61141e-09
13.1002 5.30189e-09
13.3915 5.04193e-09
13.686 4.75985e-09
13.9837 4.50307e-09
14.2847 4.26808e-09
14.5888 4.04256e-09
14.8961 3.85116e-09
15.2066 3.63646e-09
15.5204 3.45808e-09
15.8373 3.31155e-09
16.1575 3.14867e-09
16.4808 2.98405e-09
16.8074 2.8448e-09
17.1371 2.72672e-09
17.4701 2.5996e-09
17.8062 2.47951e-09
18.1456 2.36375e-09
18.4882 2.25872e-09
18.8339 2.15585e-09
19.1829 2.05884e-09
19.5351 1.97317e-09
19.8904 1.88891e-09
20.249 1.79907e-09
20.6108 1.7345e-09
20.9758 1.66894e-09
21.344 1.59267e-09
21.7154 1.52881e-09
22.09 1.46455e-09
