0.178922 6.45198e-11
0.182562 5.13503e-10
0.186239 1.71862e-09
0.189952 4.06312e-09
0.193702 7.86776e-09
0.197489 1.34907e-08
0.201313 2.13265e-08
0.205173 3.15929e-08
0.20907 4.48633e-08
0.213003 6.13465e-08
0.216974 8.11541e-08
0.22098 1.04747e-07
0.225024 1.33019e-07
0.229104 1.65753e-07
0.233221 2.02831e-07
0.237374 2.45907e-07
0.241564 2.9425e-07
0.245791 3.49901e-07
0.250055 4.10383e-07
0.254355 4.76836e-07
0.258691 5.52955e-07
0.263065 6.3681e-07
0.267475 7.26051e-07
0.271922 8.26492e-07
0.276405 9.34464e-07
0.280925 1.04976e-06
0.285482 1.18043e-06
0.290075 1.31867e-06
0.294705 1.46408e-06
0.299372 1.62913e-06
0.304075 1.80518e-06
0.308815 1.99185e-06
0.313592 2.18305e-06
0.318405 2.41139e-06
0.323255 2.6354e-06
0.328142 2.87457e-06
0.333065 3.1412e-06
0.338025 3.40119e-06
0.343021 3.70679e-06
0.348055 4.04449e-06
0.353125 4.38668e-06
0.358231 4.73046e-06
0.363374 5.12964e-06
0.368554 5.55784e-06
0.373771 5.95198e-06
0.379024 6.41679e-06
0.384314 6.91813e-06
0.389641 7.40971e-06
0.395004 7.95436e-06
0.400404 8.57569e-06
0.40584 9.18755e-06
0.411313 9.84624e-06
0.416823 1.05126e-05
0.42237 1.12476e-05
0.427953 1.20402e-05
0.433573 1.28894e-05
0.439229 1.37563e-05
0.444922 1.46804e-05
0.450652 1.56405e-05
0.456418 1.66821e-05
0.462221 1.7773e-05
0.468061 1.89909e-05
0.473938 2.02828e-05
0.479851 2.15687e-05
0.4858 2.30318e-05
0.491787 2.44664e-05
0.49781 2.59996e-05
0.50387 2.77011e-05
0.509966 2.9437e-05
0.516099 3.1322e-05
0.522269 3.32264e-05
0.528475 3.55228e-05
0.534718 3.77722e-05
0.540998 4.02277e-05
0.547314 4.27099e-05
0.553667 4.53517e-05
0.560057 4.83467e-05
0.566483 5.13069e-05
0.572946 5.46475e-05
0.579446 5.83198e-05
0.585982 6.20184e-05
0.592555 6.60633e-05
0.599164 7.03384e-05
0.605811 7.48218e-05
0.612494 7.96637e-05
0.619213 8.50247e-05
0.625969 9.06268e-05
0.632762 9.68036e-05
0.639592 0.000103314
0.646458 0.000109951
0.653361 0.000117238
0.6603 0.000125041
0.667277 0.000133771
0.674289 0.000143296
0.681339 0.000153142
0.688425 0.000163905
0.695548 0.000175256
0.702707 0.000188616
0.709903 0.000202414
0.717136 0.000215486
0.724406 0.000231552
0.731712 0.000247513
0.739055 0.000266483
0.746434 0.000284868
0.75385 0.000305631
0.761303 0.000327167
0.768792 0.000353556
0.776318 0.000378115
0.783881 0.000404574
0.791481 0.000434123
0.799117 0.000464563
0.806789 0.000494677
0.814499 0.000529444
0.822245 0.000564925
0.830027 0.00060301
0.837847 0.000640115
0.845703 0.000679971
0.853595 0.000723787
0.861525 0.000766573
0.869491 0.00080564
0.877493 0.000847219
0.885533 0.000893182
0.893608 0.000939353
0.901721 0.000982856
0.90987 0.00102437
0.918056 0.00109122
0.926279 0.00114581
0.934538 0.00119494
0.942834 0.00125137
0.951167 0.00130126
0.959536 0.00135139
0.967942 0.00140498
0.976384 0.00146419
0.984863 0.00151777
0.993379 0.00156771
1.00193 0.00163576
1.01052 0.00169806
1.01915 0.0017574
1.02781 0.00180681
1.03651 0.00186208
1.04524 0.00193649
1.05402 0.00199607
1.06283 0.00205626
1.07167 0.00211382
1.08055 0.00217213
1.08947 0.0022256
1.09843 0.00230248
1.10742 0.00236934
1.11645 0.0024203
1.12552 0.00249263
1.13462 0.00255448
1.14376 0.00263307
1.15293 0.00267807
1.16215 0.00276606
1.17139 0.00280659
1.18068 0.00287912
1.19 0.00294951
1.19936 0.00300309
1.20876 0.00308102
1.21819 0.00312952
1.22766 0.00318058
1.23716 0.00323613
1.24671 0.00330439
1.25629 0.00336667
1.2659 0.00341051
1.27555 0.00346977
1.28524 0.00353013
1.29497 0.00355676
1.30473 0.00363267
1.31453 0.00364574
1.32437 0.00368587
1.33424 0.00376036
1.34415 0.00379096
1.35409 0.00379328
1.36407 0.00384058
1.37409 0.00386359
1.38415 0.00386299
1.39424 0.00388248
1.40437 0.00390709
1.41453 0.00390666
1.42474 0.00391572
1.43498 0.0039441
1.44525 0.00392569
1.45556 0.00392556
1.46591 0.00389094
1.4763 0.00388137
1.48672 0.00388557
1.49718 0.00384898
1.50767 0.0038331
1.51821 0.00377942
1.52877 0.00374703
1.53938 0.00371546
1.55002 0.00367656
1.5607 0.00363576
1.57142 0.00357198
1.58217 0.00355333
1.59296 0.00350056
1.60378 0.00342892
1.61464 0.00337921
1.62554 0.00331819
1.63648 0.00327388
1.64745 0.00323243
1.65846 0.00316212
1.6695 0.00310113
1.68059 0.00305615
1.69171 0.00298787
1.70286 0.00292378
1.71405 0.00285667
1.72528 0.00281191
1.73655 0.00273383
1.74785 0.00267654
1.75919 0.00261936
1.77056 0.002556
1.78197 0.0025131
1.79342 0.00244521
1.80491 0.00240039
1.81643 0.00233378
1.82799 0.00227555
1.83958 0.00221548
1.85122 0.00218398
1.86288 0.0021131
1.87459 0.00205142
1.88633 0.00199622
1.89811 0.00195933
1.90992 0.00190967
1.92178 0.0018558
1.93366 0.00180464
1.94559 0.00177293
1.95755 0.00172211
1.96955 0.00168894
1.98159 0.00163511
1.99366 0.00159545
2.00577 0.00154807
2.01791 0.0015274
2.03009 0.00147542
2.04231 0.00143695
2.05457 0.00140479
2.06686 0.00136811
2.07919 0.00133582
2.09155 0.00130413
2.10395 0.00126451
2.11639 0.00123694
2.12887 0.00121094
2.14138 0.00117844
2.15393 0.00114756
2.16651 0.00112129
2.17913 0.00109119
2.19179 0.00106229
2.20449 0.00103392
2.21722 0.00101183
2.22999 0.000987663
2.24279 0.000967033
2.25563 0.000942751
2.26851 0.000921623
2.28143 0.000893466
2.29438 0.00088019
2.30737 0.000854811
2.32039 0.000836307
2.33345 0.000814517
2.34655 0.000794435
2.35969 0.000777961
2.37286 0.000759911
2.38606 0.000741222
2.39931 0.000724562
2.41259 0.000707935
2.42591 0.000690961
2.43926 0.000674579
2.45266 0.000661276
2.46608 0.000644771
2.47955 0.00062959
2.49305 0.000618024
2.50659 0.000602603
2.52016 0.000590268
2.53377 0.000577369
2.54742 0.000563704
2.56111 0.0005529
2.57483 0.000539187
2.58859 0.000530213
2.60238 0.000519176
2.61621 0.000508267
2.63008 0.000497078
2.64399 0.000485638
2.65793 0.000476494
2.67191 0.000467151
2.68592 0.000455237
2.69997 0.000445491
2.71406 0.000438995
2.72818 0.00042858
2.74235 0.000418018
2.75654 0.000409896
2.77078 0.00040358
2.78505 0.000394597
2.79936 0.000386967
2.8137 0.00038026
2.82808 0.000370442
2.8425 0.000364151
2.85696 0.000356105
2.87145 0.000349795
2.88597 0.00034281
2.90054 0.000337381
2.91514 0.000329165
2.92978 0.000324855
2.94445 0.000317509
2.95916 0.000312861
2.97391 0.000306453
2.9887 0.00030012
3.00352 0.000294626
3.01838 0.000289615
3.03327 0.00028302
3.0482 0.000278233
3.06317 0.000272792
3.07817 0.000268737
3.09321 0.000262862
3.10829 0.00025822
3.12341 0.000255921
3.13856 0.000249674
3.15375 0.000244746
3.16897 0.000240695
3.18423 0.000236349
3.19953 0.000232063
3.21486 0.000228592
3.23023 0.000224332
3.24564 0.000220482
3.26109 0.000217667
3.27657 0.000211593
3.29209 0.000209025
3.30764 0.00020534
3.32323 0.000201527
3.33886 0.000198069
3.35452 0.000196114
3.37022 0.000191447
3.38596 0.000188866
3.40174 0.000185132
3.41755 0.000181589
3.43339 0.00017925
3.44928 0.00017668
3.4652 0.000173701
3.48116 0.000170424
3.49715 0.000167996
3.51318 0.000165719
3.52925 0.000163232
3.54535 0.000159519
3.5615 0.00015772
3.57767 0.000155
3.59389 0.000152792
3.61014 0.000150278
3.62643 0.000147689
3.64275 0.000144885
3.65911 0.000142465
3.67551 0.000140824
3.69194 0.000138736
3.70841 0.000137123
3.72492 0.000134331
3.74146 0.000132189
3.75805 0.000129773
3.77466 0.000128505
3.79132 0.000125777
3.80801 0.000124356
3.82474 0.000121985
3.8415 0.000120188
3.8583 0.000119576
3.87514 0.000117227
3.89201 0.000115733
3.90892 0.000113875
3.92587 0.000111956
3.94285 0.000111052
3.95987 0.000108926
3.97693 0.000107379
3.99403 0.000105662
4.01116 0.000104525
4.02832 0.000102641
4.04553 0.000101258
4.06277 9.97218e-05
4.08005 9.86877e-05
4.09736 9.73744e-05
4.11471 9.55011e-05
4.1321 9.45273e-05
4.14952 9.28644e-05
4.16698 9.2077e-05
4.18448 9.01064e-05
4.20201 8.8852e-05
4.21958 8.85648e-05
4.23719 8.68213e-05
4.25484 8.5563e-05
4.27252 8.43836e-05
4.29023 8.31135e-05
4.30799 8.21432e-05
4.32578 8.13133e-05
4.34361 8.01208e-05
4.36147 7.91264e-05
4.37937 7.78395e-05
4.39731 7.63666e-05
4.41528 7.53902e-05
4.43329 7.46834e-05
4.45134 7.37288e-05
4.46942 7.25532e-05
4.48754 7.20723e-05
4.5057 7.07156e-05
4.52389 6.98853e-05
4.54212 6.89999e-05
4.56039 6.8106e-05
4.5787 6.75073e-05
4.59704 6.62497e-05
4.61541 6.55207e-05
4.63383 6.49598e-05
4.65228 6.39085e-05
4.67076 6.31438e-05
4.68929 6.2271e-05
4.70785 6.1072e-05
4.72645 6.1071e-05
4.74508 6.01098e-05
4.76375 5.96346e-05
4.78246 5.84854e-05
4.8012 5.79228e-05
4.81998 5.71272e-05
4.8388 5.63605e-05
4.85765 5.55978e-05
4.87654 5.51891e-05
4.89547 5.42635e-05
4.91443 5.38271e-05
4.93343 5.29929e-05
4.95247 5.2521e-05
4.97154 5.1518e-05
4.99065 5.10242e-05
5.0098 5.05577e-05
5.02898 4.98738e-05
5.0482 4.91551e-05
5.06746 4.88799e-05
5.08675 4.82205e-05
5.10608 4.77019e-05
5.12545 4.72796e-05
5.14485 4.62313e-05
5.1643 4.60317e-05
5.18377 4.54267e-05
5.20329 4.48999e-05
5.22284 4.45489e-05
5.24242 4.38103e-05
5.26205 4.35515e-05
5.28171 4.30521e-05
5.3014 4.22106e-05
5.32114 4.18228e-05
5.34091 4.14802e-05
5.36071 4.10934e-05
5.38056 4.05455e-05
5.40044 4.03396e-05
5.42035 3.94635e-05
5.44031 3.91837e-05
5.4603 3.86794e-05
5.48032 3.8268e-05
5.50039 3.7903e-05
5.52049 3.74741e-05
5.54062 3.69268e-05
5.5608 3.6614e-05
5.58101 3.61734e-05
5.60125 3.56789e-05
5.62154 3.52575e-05
5.64186 3.51405e-05
5.66221 3.47436e-05
5.68261 3.42554e-05
5.70304 3.38966e-05
5.7235 3.33961e-05
5.74401 3.32126e-05
5.76455 3.28276e-05
5.78512 3.23104e-05
5.80574 3.2029e-05
5.82639 3.18199e-05
5.84707 3.14055e-05
5.8678 3.11682e-05
5.88856 3.0846e-05
5.90935 3.05569e-05
5.93019 3.03412e-05
5.95106 3.00143e-05
5.97196 2.96129e-05
5.99291 2.92468e-05
6.01389 2.90339e-05
6.0349 2.87069e-05
6.05596 2.82213e-05
6.07705 2.79378e-05
6.09817 2.75235e-05
6.11934 2.74026e-05
6.14054 2.72012e-05
6.16177 2.67281e-05
6.18305 2.67686e-05
6.20436 2.62093e-05
6.2257 2.61079e-05
6.24709 2.57082e-05
6.2685 2.55009e-05
6.28996 2.53423e-05
6.31145 2.49706e-05
6.33298 2.48498e-05
6.35455 2.45016e-05
6.37615 2.42745e-05
6.39779 2.39729e-05
6.41947 2.38401e-05
6.44118 2.35921e-05
6.46293 2.3552e-05
6.48472 2.30298e-05
6.50654 2.27708e-05
6.5284 2.26387e-05
6.5503 2.24823e-05
6.57223 2.21246e-05
6.5942 2.20351e-05
6.61621 2.19165e-05
6.63825 2.16446e-05
6.66033 2.13868e-05
6.68245 2.11407e-05
6.7046 2.10012e-05
6.72679 2.08023e-05
6.74901 2.03334e-05
6.77128 2.0475e-05
6.79358 2.02403e-05
6.81591 1.99834e-05
6.83829 1.99293e-05
6.8607 1.96291e-05
6.88314 1.9442e-05
6.90563 1.93559e-05
6.92814 1.91281e-05
6.9507 1.89889e-05
6.97329 1.88094e-05
6.99592 1.84676e-05
7.01859 1.85186e-05
7.04129 1.83451e-05
7.06403 1.79929e-05
7.08681 1.79498e-05
7.10962 1.78471e-05
7.13247 1.75221e-05
7.15536 1.73162e-05
7.17828 1.73692e-05
7.20124 1.71145e-05
7.22423 1.70039e-05
7.24727 1.67205e-05
7.27034 1.65114e-05
7.29344 1.63844e-05
7.31659 1.63346e-05
7.33977 1.60277e-05
7.36298 1.60263e-05
7.38623 1.59393e-05
7.40952 1.58079e-05
7.43285 1.55899e-05
7.45621 1.5606e-05
7.47961 1.54526e-05
7.50305 1.53064e-05
7.52652 1.50531e-05
7.55003 1.49374e-05
7.57358 1.47801e-05
7.59716 1.45574e-05
7.62078 1.46359e-05
7.64443 1.4334e-05
7.66813 1.43671e-05
7.69186 1.40924e-05
7.71562 1.40045e-05
7.73942 1.39776e-05
7.76326 1.38301e-05
7.78714 1.37843e-05
7.81105 1.37055e-05
7.835 1.35132e-05
7.85899 1.33986e-05
7.88301 1.31649e-05
7.90707 1.30487e-05
7.93116 1.30514e-05
7.9553 1.29889e-05
7.97947 1.28252e-05
8.00367 1.26321e-05
8.02792 1.25773e-05
8.05219 1.24327e-05
8.07651 1.2272e-05
8.10086 1.22638e-05
8.12525 1.21986e-05
8.14968 1.21669e-05
8.17414 1.1909e-05
8.19864 1.19166e-05
8.22317 1.17857e-05
8.24775 1.15999e-05
8.27236 1.14973e-05
8.297 1.15172e-05
8.32168 1.13724e-05
8.3464 1.13823e-05
8.37116 1.11924e-05
8.39595 1.10739e-05
8.42078 1.09944e-05
8.44565 1.09078e-05
8.47055 1.0743e-05
8.49549 1.08822e-05
8.52046 1.06491e-05
8.54548 1.05795e-05
8.57053 1.05746e-05
8.59561 1.04955e-05
8.62073 1.0391e-05
8.64589 1.03371e-05
8.67109 1.01588e-05
8.69632 1.0117e-05
8.72159 9.97627e-06
8.74689 9.99882e-06
8.77224 9.79956e-06
8.79762 9.8051e-06
8.82303 9.7302e-06
8.84848 9.686e-06
8.87397 9.57708e-06
8.8995 9.52494e-06
8.92506 9.45123e-06
8.95066 9.28125e-06
8.9763 9.27523e-06
9.00197 9.17619e-06
9.02768 9.13251e-06
9.05342 9.15641e-06
9.0792 9.00206e-06
9.10502 8.99954e-06
9.13088 8.83149e-06
9.15677 8.8302e-06
9.1827 8.72076e-06
9.20866 8.70919e-06
9.23467 8.61303e-06
9.26071 8.65313e-06
9.28678 8.5061e-06
9.31289 8.38533e-06
9.33904 8.32851e-06
9.36523 8.29138e-06
9.39145 8.24813e-06
9.41771 8.1864e-06
9.444 8.06164e-06
9.47034 7.98479e-06
9.4967 7.94741e-06
9.52311 7.93824e-06
9.54955 7.8872e-06
9.57603 7.91528e-06
9.60255 7.73311e-06
9.6291 7.67376e-06
9.65569 7.51893e-06
9.68231 7.53365e-06
9.70897 7.51894e-06
9.73567 7.44272e-06
9.76241 7.39535e-06
9.78918 7.37953e-06
9.81599 7.28356e-06
9.84283 7.24808e-06
9.86972 7.21789e-06
9.89663 7.16469e-06
9.92359 7.09419e-06
9.95058 7.04534e-06
9.97761 6.9611e-06
10.0047 6.88807e-06
10.0318 6.93906e-06
10.0589 6.73353e-06
10.0861 6.75416e-06
10.1133 6.70265e-06
10.1406 6.64906e-06
10.1678 6.69339e-06
10.1952 6.61535e-06
10.2225 6.56587e-06
10.2499 6.5053e-06
10.2773 6.38935e-06
10.3048 6.45724e-06
10.3323 6.39208e-06
10.3599 6.33973e-06
10.3874 6.25722e-06
10.4151 6.24002e-06
10.4427 6.18957e-06
10.4704 6.17163e-06
10.4981 6.12395e-06
10.5259 6.07265e-06
10.5537 6.05313e-06
10.5815 5.97045e-06
10.6094 5.99496e-06
10.6373 5.89408e-06
10.6652 5.91048e-06
10.6932 5.83201e-06
10.7212 5.74881e-06
10.7493 5.70752e-06
10.7774 5.6424e-06
10.8055 5.749e-06
10.8337 5.62836e-06
10.8619 5.59772e-06
10.8901 5.57872e-06
10.9184 5.52667e-06
10.9467 5.44424e-06
10.9751 5.43695e-06
11.0034 5.4009e-06
11.0319 5.32561e-06
11.0603 5.35877e-06
11.0888 5.31048e-06
11.1173 5.31354e-06
11.1459 5.18592e-06
11.1745 5.14986e-06
11.2032 5.19071e-06
11.2318 5.13388e-06
11.2606 5.08437e-06
11.2893 5.03721e-06
11.3181 5.04517e-06
11.3469 5.00003e-06
11.3758 4.95947e-06
11.4047 4.90829e-06
11.4336 4.85506e-06
11.4626 4.86086e-06
11.4916 4.79923e-06
11.5206 4.80696e-06
11.5497 4.75195e-06
11.5788 4.75393e-06
11.608 4.70257e-06
11.6372 4.73126e-06
11.6664 4.61607e-06
11.6957 4.54539e-06
11.725 4.64262e-06
11.7543 4.53715e-06
11.7837 4.53765e-06
11.8131 4.48705e-06
11.8426 4.49934e-06
11.872 4.46947e-06
11.9016 4.38786e-06
11.9311 4.42468e-06
11.9607 4.3717e-06
11.9903 4.34501e-06
12.02 4.32316e-06
12.0497 4.30201e-06
12.0795 4.19315e-06
12.1092 4.22775e-06
12.139 4.18364e-06
12.1689 4.1693e-06
12.1988 4.12801e-06
12.2287 4.10213e-06
12.2587 4.13107e-06
12.2887 4.07121e-06
12.3187 4.03148e-06
12.3488 4.0085e-06
12.3789 4.02898e-06
12.409 4.01642e-06
12.4392 3.92121e-06
12.4694 3.89168e-06
12.4997 3.96873e-06
12.53 3.85722e-06
12.5603 3.85103e-06
12.5907 3.8588e-06
12.6211 3.79317e-06
12.6515 3.78152e-06
12.682 3.79311e-06
12.7125 3.71165e-06
12.743 3.69136e-06
12.7736 3.70601e-06
12.8042 3.68903e-06
12.8349 3.61802e-06
12.8656 3.63725e-06
12.8963 3.61511e-06
12.9271 3.5274e-06
12.9579 3.58158e-06
12.9887 3.53292e-06
13.0196 3.55355e-06
13.0505 3.50249e-06
13.0815 3.4924e-06
13.1125 3.47156e-06
13.1435 3.41877e-06
13.1746 3.42989e-06
13.2057 3.39074e-06
13.2368 3.35438e-06
13.268 3.29516e-06
13.2992 3.33388e-06
13.3304 3.33141e-06
13.3617 3.3478e-06
13.393 3.27477e-06
13.4244 3.30213e-06
13.4558 3.24143e-06
13.4872 3.2242e-06
13.5187 3.16665e-06
13.5502 3.17508e-06
13.5817 3.10721e-06
13.6133 3.11274e-06
13.6449 3.13901e-06
13.6765 3.121e-06
13.7082 3.10077e-06
13.7399 3.03949e-06
13.7717 3.06883e-06
13.8035 3.00711e-06
13.8353 3.03665e-06
13.8672 3.02171e-06
13.8991 2.96242e-06
13.931 2.97187e-06
13.963 2.97627e-06
13.995 2.9686e-06
14.0271 2.93725e-06
14.0592 2.85672e-06
14.0913 2.88176e-06
14.1234 2.92343e-06
14.1556 2.85856e-06
14.1879 2.86389e-06
14.2201 2.8176e-06
14.2524 2.77329e-06
14.2848 2.76462e-06
14.3172 2.76439e-06
14.3496 2.71953e-06
14.382 2.71471e-06
14.4145 2.70468e-06
14.4471 2.71931e-06
14.4796 2.67643e-06
14.5122 2.66675e-06
14.5449 2.6501e-06
14.5775 2.61562e-06
14.6102 2.61874e-06
14.643 2.60456e-06
14.6758 2.60136e-06
14.7086 2.62076e-06
14.7415 2.56981e-06
14.7744 2.55395e-06
14.8073 2.55366e-06
14.8403 2.54242e-06
14.8733 2.51676e-06
14.9063 2.49934e-06
14.9394 2.46864e-06
14.9725 2.48552e-06
15.0056 2.42436e-06
15.0388 2.45305e-06
15.072 2.43366e-06
15.1053 2.46464e-06
15.1386 2.42662e-06
15.1719 2.37327e-06
15.2053 2.37241e-06
15.2387 2.35223e-06
15.2722 2.35757e-06
15.3056 2.31811e-06
15.3392 2.32925e-06
15.3727 2.29679e-06
15.4063 2.28023e-06
15.4399 2.30896e-06
15.4736 2.26246e-06
15.5073 2.26994e-06
15.541 2.25876e-06
15.5748 2.2588e-06
15.6086 2.26571e-06
15.6425 2.19819e-06
15.6763 2.2322e-06
15.7103 2.18782e-06
15.7442 2.19637e-06
15.7782 2.18267e-06
15.8122 2.19234e-06
15.8463 2.15115e-06
15.8804 2.13784e-06
15.9146 2.13624e-06
15.9487 2.10884e-06
15.983 2.08528e-06
16.0172 2.08142e-06
16.0515 2.09058e-06
16.0858 2.08435e-06
16.1202 2.08006e-06
16.1546 2.06044e-06
16.189 2.02333e-06
16.2235 2.05004e-06
16.258 1.99708e-06
16.2925 2.03612e-06
16.3271 1.95351e-06
16.3617 1.98614e-06
16.3964 1.96223e-06
16.4311 1.97917e-06
16.4658 1.9588e-06
16.5006 1.96889e-06
16.5354 1.95335e-06
16.5702 1.92322e-06
16.6051 1.90273e-06
16.64 1.89809e-06
16.6749 1.8827e-06
16.7099 1.88292e-06
16.7449 1.88409e-06
16.78 1.86967e-06
16.8151 1.89599e-06
16.8502 1.85726e-06
16.8854 1.83504e-06
16.9206 1.83095e-06
16.9558 1.84615e-06
16.9911 1.84688e-06
17.0264 1.78241e-06
17.0618 1.80573e-06
17.0971 1.79827e-06
17.1326 1.78871e-06
17.168 1.75048e-06
17.2035 1.74875e-06
17.2391 1.7376e-06
17.2746 1.72466e-06
17.3102 1.72427e-06
17.3459 1.71956e-06
17.3816 1.70572e-06
17.4173 1.7164e-06
17.453 1.7e-06
17.4888 1.69503e-06
17.5246 1.67926e-06
17.5605 1.69625e-06
17.5964 1.697e-06
17.6323 1.66074e-06
17.6683 1.65979e-06
17.7043 1.64422e-06
17.7404 1.64109e-06
17.7765 1.63202e-06
17.8126 1.63483e-06
17.8487 1.62547e-06
17.8849 1.60819e-06
17.9212 1.59688e-06
17.9574 1.58477e-06
17.9937 1.57857e-06
18.0301 1.58893e-06
18.0664 1.56775e-06
18.1029 1.57719e-06
18.1393 1.55797e-06
18.1758 1.54381e-06
18.2123 1.54652e-06
18.2489 1.50912e-06
18.2855 1.53299e-06
18.3221 1.523e-06
18.3588 1.49811e-06
18.3955 1.51904e-06
18.4322 1.4953e-06
18.469 1.48417e-06
18.5058 1.47383e-06
18.5427 1.45598e-06
18.5796 1.45567e-06
18.6165 1.44847e-06
18.6535 1.464e-06
18.6905 1.44875e-06
18.7275 1.43521e-06
18.7646 1.43998e-06
18.8017 1.39677e-06
18.8388 1.40092e-06
18.876 1.418e-06
18.9132 1.41914e-06
18.9505 1.38317e-06
18.9878 1.37353e-06
19.0251 1.39512e-06
19.0625 1.38846e-06
19.0999 1.36181e-06
19.1373 1.34226e-06
19.1748 1.3427e-06
19.2123 1.3744e-06
19.2499 1.33151e-06
19.2874 1.31366e-06
19.3251 1.32202e-06
19.3627 1.30912e-06
19.4004 1.31581e-06
19.4382 1.33092e-06
19.4759 1.3082e-06
19.5137 1.3147e-06
19.5516 1.30217e-06
19.5895 1.29818e-06
19.6274 1.26718e-06
19.6653 1.27144e-06
19.7033 1.27503e-06
19.7413 1.27122e-06
19.7794 1.27465e-06
19.8175 1.2534e-06
19.8556 1.26307e-06
19.8938 1.259e-06
19.932 1.24155e-06
19.9703 1.23852e-06
20.0085 1.21675e-06
20.0469 1.20914e-06
20.0852 1.21454e-06
20.1236 1.2e-06
20.162 1.18914e-06
20.2005 1.1868e-06
20.239 1.1892e-06
20.2776 1.16642e-06
20.3161 1.19647e-06
20.3547 1.19067e-06
20.3934 1.14187e-06
20.4321 1.13779e-06
20.4708 1.15472e-06
20.5096 1.1549e-06
20.5484 1.15395e-06
20.5872 1.13843e-06
20.6261 1.15922e-06
20.665 1.12978e-06
20.7039 1.13387e-06
20.7429 1.1151e-06
20.7819 1.10918e-06
20.821 1.11617e-06
20.86 1.13708e-06
20.8992 1.11223e-06
20.9383 1.10522e-06
20.9775 1.08789e-06
21.0168 1.09779e-06
21.056 1.09434e-06
21.0954 1.07646e-06
21.1347 1.08374e-06
21.1741 1.07894e-06
21.2135 1.07812e-06
21.253 1.05735e-06
21.2924 1.05438e-06
21.332 1.06312e-06
21.3715 1.04553e-06
21.4111 1.04245e-06
21.4508 1.05058e-06
21.4905 1.03257e-06
21.5302 1.02966e-06
21.5699 1.0226e-06
21.6097 1.03697e-06
21.6495 1.01581e-06
21.6894 1.01605e-06
21.7293 1.02146e-06
21.7692 1.00664e-06
21.8092 9.9082e-07
21.8492 1.01684e-06
21.8892 1.00012e-06
21.9293 1.00809e-06
21.9694 9.82988e-07
22.0096 9.78585e-07
22.0498 9.66598e-07
22.09 9.68527e-07
